[config]
variant=rsqrt
n_particles=50000
n_steps=50
dt=1.000000000e-04
eps=5.000000000e-02
G=1.000000000e+00
mass=1.000000000e+00
max_relative_energy_drift=3.078036940e-05
energy_tolerance=1.000000000e-03

[one-time]
reading_time=1.609528437e-03
writing_time=0.000000000e+00
initial_energy_time=4.069014567e+00

[total_step]
3.800037790e+00
3.797667874e+00
3.797500883e+00
3.798572974e+00
3.797623334e+00
3.798548995e+00
3.797216138e+00
3.797259238e+00
3.798867886e+00
3.798130178e+00
3.797397730e+00
3.798700274e+00
3.797251538e+00
3.798584444e+00
3.796946875e+00
3.797512172e+00
3.798745484e+00
3.797804855e+00
3.798176048e+00
3.798495703e+00
3.797378639e+00
3.797059696e+00
3.798651873e+00
3.797115145e+00
3.799147129e+00
3.798262070e+00
3.797343579e+00
3.798477332e+00
3.797249188e+00
3.797236528e+00
3.798296691e+00
3.797204487e+00
3.798742564e+00
3.797654182e+00
3.797475141e+00
3.798277419e+00
3.797342638e+00
3.797250208e+00
3.798815057e+00
3.804077436e+00
3.814001518e+00
3.808416375e+00
3.811305228e+00
3.807712806e+00
3.809205124e+00
3.805105638e+00
3.805600284e+00
3.804698533e+00
3.805986057e+00
3.804997796e+00

[first_drift]
8.768122643e-05
7.432140410e-05
7.407087833e-05
7.428042591e-05
7.489137352e-05
7.439963520e-05
7.457099855e-05
7.427111268e-05
7.438007742e-05
7.420126349e-05
7.384177297e-05
7.447041571e-05
7.430091500e-05
7.479079068e-05
7.446017116e-05
7.427018136e-05
7.472094148e-05
7.906090468e-05
7.396098226e-05
7.413141429e-05
7.451139390e-05
7.440056652e-05
7.421150804e-05
7.432047278e-05
7.430091500e-05
7.432140410e-05
7.425062358e-05
7.392093539e-05
7.410068065e-05
7.413141429e-05
7.431022823e-05
7.416028529e-05
7.446110249e-05
7.431115955e-05
7.400102913e-05
7.434096187e-05
7.782131433e-05
7.414165884e-05
7.443130016e-05
7.421057671e-05
7.445085794e-05
7.419008762e-05
7.410068065e-05
7.445923984e-05
7.446110249e-05
7.443130016e-05
7.433071733e-05
7.444154471e-05
7.410161197e-05
7.428135723e-05

[force]
3.799775898e+00
3.797414491e+00
3.797251641e+00
3.798316501e+00
3.797371661e+00
3.798300142e+00
3.796968045e+00
3.797011394e+00
3.798619704e+00
3.797880284e+00
3.797149817e+00
3.798453562e+00
3.796997535e+00
3.798337310e+00
3.796697272e+00
3.797264559e+00
3.798497001e+00
3.797552092e+00
3.797928275e+00
3.798246870e+00
3.797130556e+00
3.796810494e+00
3.798402551e+00
3.796866843e+00
3.798899026e+00
3.798010987e+00
3.797093746e+00
3.798228249e+00
3.796995626e+00
3.796989024e+00
3.798048338e+00
3.796957005e+00
3.798495962e+00
3.797401300e+00
3.797226459e+00
3.798030396e+00
3.797091336e+00
3.797002935e+00
3.798567893e+00
3.803833433e+00
3.813757825e+00
3.808169574e+00
3.811062085e+00
3.807471714e+00
3.808952240e+00
3.804858075e+00
3.805356491e+00
3.804456570e+00
3.805742824e+00
3.804755424e+00

[kick]
9.899120778e-05
9.727105498e-05
9.990017861e-05
1.064706594e-04
1.008007675e-04
9.915046394e-05
9.844172746e-05
9.847152978e-05
9.867083281e-05
1.001311466e-04
9.900145233e-05
9.688083082e-05
1.044012606e-04
9.733159095e-05
9.981170297e-05
9.756069630e-05
9.859167039e-05
9.842030704e-05
9.818095714e-05
9.952113032e-05
9.841099381e-05
9.930040687e-05
9.964127094e-05
9.840074927e-05
9.856093675e-05
9.806081653e-05
1.000203192e-04
9.979121387e-05
1.043006778e-04
9.817257524e-05
9.892135859e-05
9.795092046e-05
9.672064334e-05
1.027006656e-04
9.903032333e-05
9.745080024e-05
9.839143604e-05
9.809061885e-05
9.754020721e-05
9.165052325e-05
9.414181113e-05
9.689107537e-05
9.369105101e-05
9.150151163e-05
1.030312851e-04
9.658094496e-05
9.164121002e-05
9.147077799e-05
9.196158499e-05
9.148102254e-05

[second_drift]
7.516145706e-05
8.170120418e-05
7.522106171e-05
7.566157728e-05
7.593072951e-05
7.525086403e-05
7.504038513e-05
7.505062968e-05
7.508136332e-05
7.550138980e-05
7.502082735e-05
7.530115545e-05
7.524061948e-05
7.496122271e-05
7.527973503e-05
7.572118193e-05
7.512047887e-05
7.522106171e-05
7.558148354e-05
7.513072342e-05
7.511116564e-05
7.544085383e-05
7.542036474e-05
7.553119212e-05
7.520150393e-05
7.864087820e-05
7.551163435e-05
7.532071322e-05
7.511116564e-05
7.514934987e-05
7.507111877e-05
7.532164454e-05
7.537100464e-05
7.582083344e-05
7.560104132e-05
7.518101484e-05
7.504038513e-05
7.499102503e-05
7.514096797e-05
7.809139788e-05
7.505156100e-05
7.567089051e-05
7.530115545e-05
7.507111877e-05
7.530115545e-05
7.649138570e-05
7.776916027e-05
7.600057870e-05
7.711071521e-05
7.656961679e-05

