[config]
variant=rsqrt
n_particles=50000
n_steps=50
dt=1.000000000e-04
eps=5.000000000e-02
G=1.000000000e+00
mass=1.000000000e+00
max_relative_energy_drift=3.078036940e-05
energy_tolerance=1.000000000e-03

[one-time]
reading_time=1.575968228e-03
writing_time=0.000000000e+00
initial_energy_time=4.073164949e+00

[total_step]
3.804764203e+00
3.803650511e+00
3.802903572e+00
3.803844244e+00
3.802431276e+00
3.802537248e+00
3.803701122e+00
3.802821901e+00
3.802773191e+00
3.803420108e+00
3.802618909e+00
3.803497059e+00
3.801724999e+00
3.802716271e+00
3.803686901e+00
3.803079395e+00
3.802542668e+00
3.803454139e+00
3.802369757e+00
3.803578200e+00
3.803486439e+00
3.802621319e+00
3.802931982e+00
3.803014425e+00
3.802302635e+00
3.803908174e+00
3.802184355e+00
3.802496128e+00
3.803465459e+00
3.802497447e+00
3.803749942e+00
3.803430429e+00
3.801850711e+00
3.803587740e+00
3.802489878e+00
3.802377687e+00
3.803457249e+00
3.803525269e+00
3.803578290e+00
3.802856102e+00
3.802349845e+00
3.803978485e+00
3.801852231e+00
3.802475698e+00
3.803543319e+00
3.802301346e+00
3.803828373e+00
3.803476429e+00
3.802491449e+00
3.803510379e+00

[first_drift]
9.078066796e-05
7.390044630e-05
7.418077439e-05
7.424131036e-05
7.404014468e-05
7.381103933e-05
7.441081107e-05
7.377099246e-05
7.385108620e-05
7.384084165e-05
7.409043610e-05
7.366109639e-05
7.387064397e-05
7.413141429e-05
7.435958833e-05
7.406156510e-05
7.369089872e-05
7.381103933e-05
7.378961891e-05
7.423106581e-05
7.422082126e-05
7.437076420e-05
7.381010801e-05
7.419101894e-05
7.374119014e-05
7.400102913e-05
7.416121662e-05
7.413141429e-05
7.392093539e-05
7.375050336e-05
7.398054004e-05
7.374119014e-05
7.442105561e-05
7.397029549e-05
7.403083146e-05
7.400102913e-05
7.432047278e-05
7.415935397e-05
7.439125329e-05
7.407087833e-05
7.930025458e-05
7.384177297e-05
7.413141429e-05
7.380079478e-05
7.396936417e-05
7.424037904e-05
7.375143468e-05
7.382035255e-05
7.434096187e-05
7.436051965e-05

[force]
3.804501490e+00
3.803407248e+00
3.802659798e+00
3.803601489e+00
3.802187264e+00
3.802292495e+00
3.803458519e+00
3.802578169e+00
3.802530548e+00
3.803176335e+00
3.802377546e+00
3.803251957e+00
3.801484066e+00
3.802471998e+00
3.803438769e+00
3.802834732e+00
3.802299924e+00
3.803211465e+00
3.802127564e+00
3.803334287e+00
3.803244256e+00
3.802376946e+00
3.802617780e+00
3.802770020e+00
3.802060692e+00
3.803665891e+00
3.801939401e+00
3.802244484e+00
3.803223495e+00
3.802249154e+00
3.803507559e+00
3.803185625e+00
3.801601518e+00
3.803346417e+00
3.802244614e+00
3.802132734e+00
3.803207756e+00
3.803279568e+00
3.803328927e+00
3.802613529e+00
3.802101153e+00
3.803735942e+00
3.801604878e+00
3.802229535e+00
3.803301987e+00
3.802059514e+00
3.803584389e+00
3.803234966e+00
3.802246775e+00
3.803267106e+00

[kick]
9.602122009e-05
9.366124868e-05
9.382143617e-05
9.295251220e-05
9.439047426e-05
9.579211473e-05
9.256042540e-05
9.442120790e-05
9.344145656e-05
9.450037032e-05
9.196158499e-05
9.116064757e-05
9.162072092e-05
9.426102042e-05
9.801052511e-05
9.477138519e-05
9.349174798e-05
9.327195585e-05
9.228102863e-05
9.387079626e-05
9.265076369e-05
9.490083903e-05
1.641623676e-04
9.433086962e-05
9.276065975e-05
9.329058230e-05
9.469222277e-05
1.017609611e-04
9.257160127e-05
9.878259152e-05
9.318161756e-05
9.550154209e-05
9.912066162e-05
9.199138731e-05
9.479187429e-05
9.527057409e-05
9.324122220e-05
9.557045996e-05
9.932089597e-05
9.322073311e-05
9.377207607e-05
9.299069643e-05
9.766034782e-05
9.679142386e-05
9.223073721e-05
9.180046618e-05
9.431131184e-05
9.240210056e-05
9.452085942e-05
9.304191917e-05

[second_drift]
7.586088032e-05
7.564108819e-05
7.573049515e-05
7.550977170e-05
7.553119212e-05
7.511023432e-05
7.557123899e-05
7.549021393e-05
7.530022413e-05
7.539149374e-05
7.524061948e-05
8.023064584e-05
7.532164454e-05
7.584039122e-05
7.570069283e-05
7.578078657e-05
7.551070303e-05
7.552094758e-05
7.608067244e-05
7.576122880e-05
7.526110858e-05
7.505156100e-05
7.617101073e-05
7.583107799e-05
7.539149374e-05
7.493142039e-05
7.604993880e-05
7.570162416e-05
7.542036474e-05
7.569976151e-05
7.516052574e-05
7.552001625e-05
7.560104132e-05
7.531140000e-05
7.638987154e-05
7.563177496e-05
8.189119399e-05
7.587112486e-05
7.560104132e-05
7.523130625e-05
7.556006312e-05
7.564108819e-05
7.551070303e-05
7.552094758e-05
7.508136332e-05
7.574167103e-05
7.586088032e-05
7.518939674e-05
7.575098425e-05
7.581990212e-05

