[config]
variant=rsqrt
n_particles=50000
n_steps=50
dt=1.000000000e-04
eps=5.000000000e-02
G=1.000000000e+00
mass=1.000000000e+00
max_relative_energy_drift=3.078036940e-05
energy_tolerance=1.000000000e-03

[one-time]
reading_time=2.455398440e-03
writing_time=0.000000000e+00
initial_energy_time=4.067513695e+00

[total_step]
3.803057204e+00
3.798813566e+00
3.800236652e+00
3.798934047e+00
3.799030107e+00
3.800276983e+00
3.799191721e+00
3.798736394e+00
3.800185981e+00
3.798665904e+00
3.800450084e+00
3.799531134e+00
3.799486024e+00
3.799430182e+00
3.799048729e+00
3.798630113e+00
3.800405684e+00
3.798783735e+00
3.800524096e+00
3.800456324e+00
3.798837106e+00
3.800305563e+00
3.799153149e+00
3.798392192e+00
3.800754687e+00
3.799004347e+00
3.799289781e+00
3.800236822e+00
3.798356812e+00
3.800408814e+00
3.798791175e+00
3.799206570e+00
3.799619105e+00
3.798730475e+00
3.801280174e+00
3.799686355e+00
3.798703195e+00
3.799884828e+00
3.799428093e+00
3.799461283e+00
3.801630118e+00
3.799757906e+00
3.799771836e+00
3.804505441e+00
3.800948859e+00
3.801005510e+00
3.799345233e+00
3.798815225e+00
3.800471274e+00
3.799206551e+00

[first_drift]
9.260140359e-05
7.497146726e-05
7.509067655e-05
7.492117584e-05
7.553119212e-05
7.508136332e-05
7.519125938e-05
7.479079068e-05
7.530022413e-05
7.519125938e-05
7.528159767e-05
7.533095777e-05
7.501058280e-05
7.550045848e-05
7.533095777e-05
7.534120232e-05
7.524155080e-05
7.502082735e-05
7.509067655e-05
8.044112474e-05
7.525086403e-05
7.527135313e-05
7.477123290e-05
7.536076009e-05
7.504038513e-05
7.556099445e-05
7.532164454e-05
7.552094758e-05
7.486063987e-05
7.518101484e-05
7.534120232e-05
8.141063154e-05
7.555074990e-05
7.500033826e-05
7.529091090e-05
7.489044219e-05
7.534958422e-05
7.522106171e-05
7.511116564e-05
7.551070303e-05
7.947161794e-05
7.523130625e-05
7.522944361e-05
7.552094758e-05
7.511116564e-05
7.520057261e-05
7.538124919e-05
7.853098214e-05
7.518101484e-05
7.538031787e-05

[force]
3.802794412e+00
3.798565343e+00
3.799988220e+00
3.798687294e+00
3.798784285e+00
3.800028670e+00
3.798937698e+00
3.798486332e+00
3.799938180e+00
3.798417191e+00
3.800196361e+00
3.799282761e+00
3.799230581e+00
3.799181740e+00
3.798802447e+00
3.798386040e+00
3.800157211e+00
3.798540883e+00
3.800279363e+00
3.800203961e+00
3.798590073e+00
3.800055849e+00
3.798905026e+00
3.798136568e+00
3.800510835e+00
3.798756285e+00
3.799041308e+00
3.799989429e+00
3.798106028e+00
3.800163191e+00
3.798545103e+00
3.798954888e+00
3.799374602e+00
3.798483073e+00
3.801033081e+00
3.799438474e+00
3.798455402e+00
3.799626034e+00
3.799176009e+00
3.799209340e+00
3.801370854e+00
3.799507394e+00
3.799515384e+00
3.804260888e+00
3.800697937e+00
3.800755067e+00
3.799091838e+00
3.798560493e+00
3.800220731e+00
3.798955779e+00

[kick]
9.394157678e-05
9.696092457e-05
9.674113244e-05
9.549129754e-05
9.355135262e-05
9.686127305e-05
1.022508368e-04
9.889062494e-05
9.195040911e-05
9.735114872e-05
1.021111384e-04
9.674020112e-05
1.040110365e-04
9.630061686e-05
9.455066174e-05
9.239092469e-05
9.676069021e-05
9.136181325e-05
9.349174798e-05
9.521096945e-05
9.495113045e-05
9.760167450e-05
9.641144425e-05
1.039225608e-04
9.250268340e-05
9.583123028e-05
9.680073708e-05
9.546149522e-05
9.896140546e-05
9.377114475e-05
9.425077587e-05
9.414087981e-05
9.270105511e-05
9.604077786e-05
9.515136480e-05
9.649153799e-05
9.610131383e-05
1.066718251e-04
1.001516357e-04
1.001404598e-04
1.034410670e-04
9.920168668e-05
1.046005636e-04
9.260140359e-05
9.922124445e-05
9.840168059e-05
1.013418660e-04
9.984150529e-05
9.910203516e-05
9.848084301e-05

[second_drift]
7.620081306e-05
7.625110447e-05
7.655099034e-05
7.629115134e-05
7.669068873e-05
7.632002234e-05
7.654074579e-05
7.633119822e-05
8.051097393e-05
7.604062557e-05
7.628090680e-05
7.625110447e-05
7.637124509e-05
7.659103721e-05
7.635075599e-05
7.629022002e-05
7.642153651e-05
7.641967386e-05
7.609091699e-05
7.666088641e-05
7.678102702e-05
7.678102702e-05
7.688999176e-05
7.630046457e-05
7.625110447e-05
7.661152631e-05
7.631164044e-05
7.636100054e-05
7.691048086e-05
7.662083954e-05
7.642060518e-05
7.608067244e-05
7.620081306e-05
7.631070912e-05
7.661059499e-05
7.645040751e-05
7.630046457e-05
7.684994489e-05
7.677078247e-05
7.624179125e-05
7.630139589e-05
7.604062557e-05
7.657147944e-05
7.637124509e-05
7.654074579e-05
7.679034024e-05
7.663015276e-05
7.631070912e-05
7.621105760e-05
7.686112076e-05

