[config]
variant=rsqrt
n_particles=50000
n_steps=50
dt=1.000000000e-04
eps=5.000000000e-02
G=1.000000000e+00
mass=1.000000000e+00
max_relative_energy_drift=3.078036940e-05
energy_tolerance=1.000000000e-03

[one-time]
reading_time=1.304514706e-03
writing_time=0.000000000e+00
initial_energy_time=4.070113748e+00

[total_step]
3.808768029e+00
3.807361663e+00
3.806248031e+00
3.806258941e+00
3.808047363e+00
3.806559245e+00
3.808404566e+00
3.806312932e+00
3.806066399e+00
3.807670458e+00
3.806212571e+00
3.806231681e+00
3.807899769e+00
3.807148292e+00
3.808229214e+00
3.806279162e+00
3.806489294e+00
3.807701047e+00
3.806290812e+00
3.806181900e+00
3.807415714e+00
3.806280411e+00
3.808464406e+00
3.806529404e+00
3.806174821e+00
3.807568726e+00
3.806061039e+00
3.806282122e+00
3.807622736e+00
3.807135851e+00
3.806991571e+00
3.807626816e+00
3.806485053e+00
3.807319524e+00
3.806192840e+00
3.806226111e+00
3.807351534e+00
3.806439123e+00
3.807046751e+00
3.807515955e+00
3.806351153e+00
3.807477205e+00
3.806253191e+00
3.806420413e+00
3.807782838e+00
3.807125912e+00
3.806990219e+00
3.807504136e+00
3.806447793e+00
3.807247763e+00

[first_drift]
9.672064334e-05
7.343944162e-05
7.360987365e-05
7.358007133e-05
7.375143468e-05
7.366109639e-05
7.360149175e-05
7.391069084e-05
7.675122470e-05
7.342081517e-05
7.354095578e-05
7.379055023e-05
7.352139801e-05
7.373187691e-05
7.369089872e-05
7.336121053e-05
7.331091911e-05
7.374119014e-05
7.365178317e-05
7.359031588e-05
7.325131446e-05
7.368158549e-05
7.355958223e-05
7.354002446e-05
7.353164256e-05
7.406063378e-05
7.358100265e-05
7.372070104e-05
7.336027920e-05
7.352046669e-05
7.403083146e-05
7.335003465e-05
7.336121053e-05
7.712189108e-05
7.347017527e-05
7.357075810e-05
7.382128388e-05
7.346086204e-05
7.352046669e-05
7.375143468e-05
7.356144488e-05
7.337983698e-05
7.377099246e-05
7.353164256e-05
7.356144488e-05
7.362104952e-05
7.354002446e-05
7.421057671e-05
7.708929479e-05
7.360149175e-05

[force]
3.808489817e+00
3.807089311e+00
3.805987019e+00
3.805993768e+00
3.807799228e+00
3.806295061e+00
3.808141283e+00
3.806048200e+00
3.805810875e+00
3.807404434e+00
3.805944088e+00
3.805961458e+00
3.807631306e+00
3.806878628e+00
3.807979930e+00
3.806018389e+00
3.806213101e+00
3.807434494e+00
3.806026989e+00
3.805936198e+00
3.807161782e+00
3.806029918e+00
3.808209964e+00
3.806257652e+00
3.805926518e+00
3.807304293e+00
3.805809146e+00
3.806028149e+00
3.807355993e+00
3.806872698e+00
3.806725526e+00
3.807363795e+00
3.806221831e+00
3.807069261e+00
3.805926428e+00
3.805969708e+00
3.807083291e+00
3.806174841e+00
3.806780378e+00
3.807259441e+00
3.806096139e+00
3.807231743e+00
3.805981638e+00
3.806153770e+00
3.807516535e+00
3.806860908e+00
3.806733847e+00
3.807238952e+00
3.806179182e+00
3.806982229e+00

[kick]
1.072818413e-04
1.241322607e-04
1.128409058e-04
1.171510667e-04
9.969156235e-05
1.161014661e-04
1.156507060e-04
1.167804003e-04
1.004813239e-04
1.183319837e-04
1.200614497e-04
1.219110563e-04
1.166509464e-04
1.215711236e-04
1.011323184e-04
1.130215824e-04
1.283306628e-04
1.179417595e-04
1.155408099e-04
9.776093066e-05
1.060413197e-04
9.731203318e-05
1.064212993e-04
1.196209341e-04
1.001209021e-04
1.164311543e-04
1.038927585e-04
1.054508612e-04
1.190621406e-04
1.152511686e-04
1.179520041e-04
1.153210178e-04
1.155007631e-04
9.913090616e-05
1.181308180e-04
1.080017537e-04
1.162709668e-04
1.164907590e-04
1.181913540e-04
1.048715785e-04
1.070518047e-04
9.737070650e-05
1.234319061e-04
1.186216250e-04
1.177713275e-04
1.166220754e-04
1.083910465e-04
1.166118309e-04
1.171510667e-04
1.173615456e-04

[second_drift]
7.416121662e-05
7.474049926e-05
7.451046258e-05
7.439125329e-05
7.463060319e-05
7.437076420e-05
7.399078459e-05
7.400102913e-05
7.824134082e-05
7.420964539e-05
7.484015077e-05
7.448159158e-05
7.824134082e-05
7.431115955e-05
7.439963520e-05
7.434096187e-05
7.450114936e-05
7.482059300e-05
7.458124310e-05
7.430091500e-05
7.459055632e-05
7.945019752e-05
7.441081107e-05
7.855147123e-05
7.460080087e-05
7.390137762e-05
7.438007742e-05
7.475167513e-05
7.428135723e-05
7.434096187e-05
7.402058691e-05
7.430091500e-05
7.431115955e-05
7.397122681e-05
7.477123290e-05
7.478054613e-05
7.810071111e-05
7.429067045e-05
7.461104542e-05
7.785111666e-05
7.435027510e-05
7.467158139e-05
7.431022823e-05
7.443036884e-05
7.492117584e-05
7.471069694e-05
7.440149784e-05
7.430091500e-05
7.433071733e-05
7.452070713e-05

