[config]
variant=rsqrt
n_particles=50000
n_steps=50
dt=1.000000000e-04
eps=5.000000000e-02
G=1.000000000e+00
mass=1.000000000e+00
max_relative_energy_drift=3.078036940e-05
energy_tolerance=1.000000000e-03

[one-time]
reading_time=1.650569029e-03
writing_time=0.000000000e+00
initial_energy_time=4.072449621e+00

[total_step]
3.807671767e+00
3.807050561e+00
3.808353684e+00
3.807396795e+00
3.808588497e+00
3.807623817e+00
3.807563514e+00
3.808781989e+00
3.807160921e+00
3.808224604e+00
3.807707697e+00
3.806596545e+00
3.808853871e+00
3.807339402e+00
3.807197331e+00
3.810662321e+00
3.806727677e+00
3.806671775e+00
3.808092592e+00
3.807395893e+00
3.807073060e+00
3.807606054e+00
3.807056860e+00
3.808222843e+00
3.806779006e+00
3.806434732e+00
3.808186431e+00
3.806377771e+00
3.807233252e+00
3.807709417e+00
3.806277510e+00
3.807277151e+00
3.806835388e+00
3.806513994e+00
3.807797807e+00
3.807014570e+00
3.806953898e+00
3.807128461e+00
3.806906927e+00
3.807045818e+00
3.805446002e+00
3.804486020e+00
3.806241390e+00
3.805080137e+00
3.806199160e+00
3.806385932e+00
3.805347140e+00
3.806548783e+00
3.805535923e+00
3.805177717e+00

[first_drift]
9.169057012e-05
7.716100663e-05
7.744133472e-05
7.779058069e-05
8.615106344e-05
7.736124098e-05
7.709115744e-05
7.732119411e-05
7.724110037e-05
7.793027908e-05
8.321087807e-05
7.816031575e-05
7.676146924e-05
7.803086191e-05
7.827114314e-05
7.727090269e-05
7.742084563e-05
7.825158536e-05
7.743109018e-05
7.820036262e-05
7.908139378e-05
7.739011198e-05
7.767137140e-05
7.777102292e-05
7.757171988e-05
7.805041969e-05
7.867068052e-05
7.669068873e-05
7.827114314e-05
7.576122880e-05
7.855147123e-05
7.800105959e-05
7.609091699e-05
7.802061737e-05
7.746089250e-05
7.737055421e-05
7.797125727e-05
7.516052574e-05
7.467158139e-05
7.454119623e-05
7.492117584e-05
7.457006723e-05
7.467996329e-05
7.467065006e-05
7.512047887e-05
7.461104542e-05
7.514096797e-05
7.482152432e-05
7.475167513e-05
7.470138371e-05

[force]
3.807402113e+00
3.806794178e+00
3.808096281e+00
3.807139471e+00
3.808323164e+00
3.807367283e+00
3.807307332e+00
3.808525345e+00
3.806905177e+00
3.807971231e+00
3.807446454e+00
3.806343601e+00
3.808594207e+00
3.807083159e+00
3.806939728e+00
3.810409958e+00
3.806465053e+00
3.806412232e+00
3.807836009e+00
3.807129259e+00
3.806816397e+00
3.807350723e+00
3.806798656e+00
3.807957280e+00
3.806521842e+00
3.806178160e+00
3.807928720e+00
3.806120229e+00
3.806970239e+00
3.807455503e+00
3.806015207e+00
3.807023759e+00
3.806579164e+00
3.806258490e+00
3.807543055e+00
3.806760026e+00
3.806708266e+00
3.806885349e+00
3.806661825e+00
3.806797666e+00
3.805195609e+00
3.804237758e+00
3.805994738e+00
3.804835724e+00
3.805948507e+00
3.806142079e+00
3.805102327e+00
3.806305761e+00
3.805292780e+00
3.804927925e+00

[kick]
9.338092059e-05
9.269081056e-05
9.333062917e-05
9.263120592e-05
9.270105511e-05
9.269081056e-05
9.273085743e-05
9.186100215e-05
9.214133024e-05
9.309034795e-05
9.230151772e-05
9.297206998e-05
9.243190289e-05
9.182095528e-05
9.209103882e-05
9.155087173e-05
9.280070662e-05
9.428057820e-05
9.360071272e-05
1.003919169e-04
9.367056191e-05
9.211059660e-05
9.317137301e-05
1.008305699e-04
9.214133024e-05
9.237043560e-05
9.303074330e-05
9.416136891e-05
1.041516662e-04
9.188149124e-05
9.675137699e-05
9.109079838e-05
9.226147085e-05
9.253155440e-05
9.110104293e-05
9.317137301e-05
9.134970605e-05
9.157042950e-05
9.397044778e-05
9.709224105e-05
9.451061487e-05
9.718164802e-05
9.554065764e-05
9.295158088e-05
9.473133832e-05
9.265076369e-05
9.295158088e-05
9.175203741e-05
9.243097156e-05
9.412132204e-05

[second_drift]
8.451100439e-05
8.648075163e-05
8.658133447e-05
8.685048670e-05
8.643139154e-05
8.644070476e-05
8.630100638e-05
8.736085147e-05
8.631125093e-05
8.228141814e-05
8.568074554e-05
8.176080883e-05
9.042024612e-05
8.629169315e-05
8.717086166e-05
8.349120617e-05
9.235087782e-05
8.688122034e-05
8.549168706e-05
8.786097169e-05
8.386094123e-05
8.578132838e-05
8.731056005e-05
8.670147508e-05
8.740089834e-05
8.610170335e-05
8.595082909e-05
8.664093912e-05
8.054077625e-05
8.622091264e-05
8.695106953e-05
8.426140994e-05
8.781161159e-05
8.489098400e-05
8.615106344e-05
8.394103497e-05
7.625110447e-05
7.633119822e-05
7.641129196e-05
7.646996528e-05
8.092075586e-05
7.640011609e-05
7.638148963e-05
7.674098015e-05
8.076056838e-05
7.634144276e-05
7.668044418e-05
7.638055831e-05
7.591117173e-05
8.093100041e-05

