[config]
variant=blocking
n_particles=50000
n_steps=50
dt=1.000000000e-04
eps=5.000000000e-02
G=1.000000000e+00
mass=1.000000000e+00
max_relative_energy_drift=3.699530701e-07
energy_tolerance=1.000000000e-03

[one-time]
reading_time=1.310850494e-03
writing_time=0.000000000e+00
initial_energy_time=4.096474513e+00

[total_step]
1.961887656e+00
1.970669036e+00
1.960999159e+00
1.972783643e+00
1.960536994e+00
1.977998405e+00
1.974002813e+00
1.986069300e+00
1.974867640e+00
1.981120091e+00
1.974028863e+00
1.981229951e+00
1.980706518e+00
1.973386428e+00
1.977976155e+00
1.977274200e+00
1.982418600e+00
1.964206335e+00
1.969845789e+00
1.960347923e+00
1.970556516e+00
1.963783100e+00
1.967910764e+00
1.965026001e+00
1.963235565e+00
1.958878051e+00
1.969453036e+00
1.968422930e+00
1.960415643e+00
1.971369502e+00
1.971530273e+00
1.959285324e+00
1.973459871e+00
1.964750727e+00
1.968500647e+00
1.971702985e+00
1.965480542e+00
1.981954550e+00
1.975695937e+00
1.982399574e+00
1.981259934e+00
1.976635855e+00
1.983968567e+00
1.976858057e+00
1.970996448e+00
1.978570432e+00
1.988046421e+00
1.985847303e+00
1.988344383e+00
1.983296892e+00

[first_drift]
7.074046880e-05
4.426017404e-05
4.366040230e-05
4.357006401e-05
4.365015775e-05
4.374049604e-05
4.418939352e-05
4.419963807e-05
4.431046546e-05
4.422105849e-05
4.390068352e-05
4.439987242e-05
4.420988262e-05
4.461966455e-05
5.401019007e-05
4.435982555e-05
4.409998655e-05
4.398077726e-05
4.432071000e-05
4.365015775e-05
4.395097494e-05
4.369951785e-05
5.051959306e-05
5.000922829e-05
4.452094436e-05
4.366040230e-05
4.384946078e-05
4.385132343e-05
4.388019443e-05
4.376005381e-05
4.367064685e-05
4.363991320e-05
4.372000694e-05
4.955101758e-05
4.449114203e-05
4.373118281e-05
4.370138049e-05
4.363059998e-05
4.434026778e-05
4.388112575e-05
4.431046546e-05
4.399940372e-05
4.411116242e-05
4.403013736e-05
4.510954022e-05
4.321988672e-05
4.483014345e-05
4.395097494e-05
4.485994577e-05
4.938989878e-05

[force]
1.961706664e+00
1.970512245e+00
1.960843418e+00
1.972628232e+00
1.960381772e+00
1.977841274e+00
1.973845942e+00
1.985910519e+00
1.974704938e+00
1.980965699e+00
1.973873111e+00
1.981074571e+00
1.980549786e+00
1.973219807e+00
1.977780454e+00
1.977116150e+00
1.982269649e+00
1.964050733e+00
1.969689798e+00
1.960193002e+00
1.970401474e+00
1.963627030e+00
1.967746832e+00
1.964862040e+00
1.963079583e+00
1.958718760e+00
1.969297905e+00
1.968260736e+00
1.960260372e+00
1.971212931e+00
1.971373382e+00
1.959131124e+00
1.973308100e+00
1.964589505e+00
1.968346956e+00
1.971548663e+00
1.965328480e+00
1.981800369e+00
1.975523506e+00
1.982243672e+00
1.981106013e+00
1.976480966e+00
1.983812906e+00
1.976703296e+00
1.970840737e+00
1.978415411e+00
1.987890700e+00
1.985691741e+00
1.988187523e+00
1.983134150e+00

[kick]
6.499048322e-05
6.731133908e-05
6.686989218e-05
6.708037108e-05
6.698165089e-05
6.793066859e-05
6.696116179e-05
6.787106395e-05
7.196143270e-05
6.530992687e-05
6.610155106e-05
6.460957229e-05
6.699096411e-05
6.376951933e-05
9.122118354e-05
6.672926247e-05
5.973130465e-05
6.584078074e-05
6.712134928e-05
6.610061973e-05
6.674043834e-05
6.628967822e-05
6.019137800e-05
6.775092334e-05
6.632972509e-05
6.467103958e-05
6.704032421e-05
6.803032011e-05
6.569083780e-05
6.772112101e-05
6.813090295e-05
6.540957838e-05
6.322097033e-05
6.498117000e-05
6.437022239e-05
6.501097232e-05
5.977042019e-05
6.498023868e-05
7.624085993e-05
6.620120257e-05
6.539095193e-05
6.513949484e-05
6.633996964e-05
6.479956210e-05
6.564054638e-05
6.562098861e-05
6.546173245e-05
6.544124335e-05
6.639119238e-05
6.738118827e-05

[second_drift]
4.521012306e-05
4.517938942e-05
4.500150681e-05
4.468020052e-05
4.453025758e-05
4.541035742e-05
4.567019641e-05
4.659034312e-05
4.637986422e-05
4.474073648e-05
4.569999874e-05
4.633050412e-05
4.548951983e-05
5.818158388e-05
5.034916103e-05
4.689116031e-05
4.504993558e-05
4.574097693e-05
4.450976849e-05
4.513002932e-05
4.431046546e-05
4.596076906e-05
5.315989256e-05
4.606042057e-05
4.501082003e-05
5.090981722e-05
4.412047565e-05
5.026068538e-05
4.564039409e-05
4.495028406e-05
4.496984184e-05
4.507135600e-05
4.462990910e-05
4.654936492e-05
4.477985203e-05
4.546996206e-05
4.854984581e-05
4.545133561e-05
5.173031241e-05
4.576984793e-05
4.417914897e-05
4.570093006e-05
4.509091377e-05
4.589091986e-05
4.492048174e-05
4.613026977e-05
4.529953003e-05
4.612002522e-05
4.548020661e-05
4.584994167e-05

