[config]
variant=blocking
n_particles=50000
n_steps=50
dt=1.000000000e-04
eps=5.000000000e-02
G=1.000000000e+00
mass=1.000000000e+00
max_relative_energy_drift=3.699530701e-07
energy_tolerance=1.000000000e-03

[one-time]
reading_time=1.594282687e-03
writing_time=0.000000000e+00
initial_energy_time=4.094174984e+00

[total_step]
1.968601088e+00
1.975919789e+00
1.974483598e+00
1.969610596e+00
1.988200593e+00
1.983770825e+00
1.989795767e+00
1.988062402e+00
1.985287597e+00
1.989671824e+00
1.984767214e+00
1.989592284e+00
1.985812192e+00
1.987255574e+00
1.989236461e+00
1.984006118e+00
1.996275142e+00
1.983344993e+00
1.990694103e+00
1.983807545e+00
1.982124882e+00
1.970960447e+00
1.978566010e+00
1.989736846e+00
1.986023185e+00
1.990498632e+00
1.985832313e+00
1.990940436e+00
1.986470608e+00
1.991143857e+00
1.991300838e+00
1.984667823e+00
1.991198307e+00
1.985280078e+00
1.989422533e+00
1.968784089e+00
1.978804004e+00
1.969366794e+00
1.990200008e+00
1.986074855e+00
1.992424858e+00
1.987371806e+00
1.990218329e+00
1.990007328e+00
1.987257315e+00
1.991363129e+00
1.985213357e+00
1.986146166e+00
1.990541941e+00
1.987201224e+00

[first_drift]
6.393995136e-05
4.447996616e-05
5.411077291e-05
4.468951374e-05
4.385132343e-05
6.111059338e-05
4.401057959e-05
4.411023110e-05
4.515983164e-05
4.435982555e-05
4.428066313e-05
5.985051394e-05
4.455912858e-05
4.450138658e-05
4.913005978e-05
4.424992949e-05
6.334017962e-05
4.427973181e-05
4.435051233e-05
4.420056939e-05
4.469975829e-05
4.386063665e-05
4.461128265e-05
4.545133561e-05
4.404131323e-05
4.430022091e-05
4.426110536e-05
4.433933645e-05
4.445016384e-05
4.976987839e-05
4.449021071e-05
4.987046123e-05
4.428997636e-05
4.430115223e-05
4.444178194e-05
4.378985614e-05
4.376098514e-05
4.382152110e-05
4.414003342e-05
4.420150071e-05
4.843994975e-05
5.299039185e-05
4.728045315e-05
4.441011697e-05
4.453025758e-05
4.404969513e-05
4.439149052e-05
4.439987242e-05
4.445109516e-05
4.403013736e-05

[force]
1.968426287e+00
1.975750928e+00
1.974322086e+00
1.969457825e+00
1.988032511e+00
1.983599613e+00
1.989639934e+00
1.987914681e+00
1.985137267e+00
1.989523265e+00
1.984583902e+00
1.989425063e+00
1.985660061e+00
1.987103763e+00
1.989083369e+00
1.983801186e+00
1.996103529e+00
1.983190751e+00
1.990539172e+00
1.983657314e+00
1.981973921e+00
1.970807945e+00
1.978400758e+00
1.989582894e+00
1.985875713e+00
1.990342500e+00
1.985673930e+00
1.990785546e+00
1.986314506e+00
1.990989377e+00
1.991146708e+00
1.984513732e+00
1.991052225e+00
1.985131857e+00
1.989270370e+00
1.968634889e+00
1.978654954e+00
1.969218163e+00
1.990050108e+00
1.985918873e+00
1.992252817e+00
1.987207335e+00
1.990061988e+00
1.989853117e+00
1.987095764e+00
1.991216828e+00
1.985065126e+00
1.985990915e+00
1.990395619e+00
1.987028023e+00

[kick]
6.382074207e-05
6.210152060e-05
6.057973951e-05
6.237160414e-05
6.292946637e-05
6.388127804e-05
6.572157145e-05
5.598925054e-05
5.866959691e-05
5.720928311e-05
6.915070117e-05
6.114970893e-05
6.216112524e-05
6.237998605e-05
5.792174488e-05
8.584093302e-05
6.152037531e-05
6.361026317e-05
6.431061774e-05
6.067007780e-05
6.077997386e-05
6.306171417e-05
6.316136569e-05
6.335042417e-05
5.839020014e-05
6.432086229e-05
6.796140224e-05
5.897972733e-05
5.752034485e-05
5.770009011e-05
6.362982094e-05
5.844049156e-05
5.630124360e-05
5.715992302e-05
6.235111505e-05
5.984026939e-05
5.956925452e-05
5.919020623e-05
6.008055061e-05
5.820952356e-05
6.468128413e-05
5.927961320e-05
6.270967424e-05
6.372109056e-05
6.402935833e-05
5.680043250e-05
5.779135972e-05
6.553065032e-05
5.627982318e-05
6.654951721e-05

[second_drift]
4.698988050e-05
6.223004311e-05
4.676170647e-05
4.567019641e-05
6.125122309e-05
4.610046744e-05
4.604924470e-05
4.757009447e-05
4.645157605e-05
4.694052041e-05
6.983149797e-05
4.618056118e-05
4.536006600e-05
4.488043487e-05
4.598964006e-05
7.478985935e-05
4.668999463e-05
4.630163312e-05
4.617031664e-05
4.531070590e-05
4.537031054e-05
4.552956671e-05
5.743093789e-05
4.510022700e-05
4.499033093e-05
4.729069769e-05
4.612002522e-05
5.153100938e-05
5.403067917e-05
4.695076495e-05
4.596076906e-05
4.568975419e-05
4.538055509e-05
4.666112363e-05
4.526972771e-05
4.545133561e-05
4.561059177e-05
4.557054490e-05
4.557985812e-05
5.353149027e-05
5.886983126e-05
5.210097879e-05
4.629138857e-05
4.595983773e-05
5.283113569e-05
4.540011287e-05
4.599988461e-05
4.526972771e-05
4.554074258e-05
6.252154708e-05

