[config]
variant=blocking
n_particles=50000
n_steps=50
dt=1.000000000e-04
eps=5.000000000e-02
G=1.000000000e+00
mass=1.000000000e+00
max_relative_energy_drift=3.699530701e-07
energy_tolerance=1.000000000e-03

[one-time]
reading_time=4.136505537e-03
writing_time=0.000000000e+00
initial_energy_time=4.124167226e+00

[total_step]
1.961819521e+00
1.969919129e+00
1.961428259e+00
1.970415184e+00
1.966670812e+00
1.964804336e+00
1.966229568e+00
1.969295654e+00
1.969817659e+00
1.960793062e+00
1.970220012e+00
1.960926243e+00
1.969811248e+00
1.960893864e+00
1.970329432e+00
1.962220325e+00
1.972927114e+00
1.966828553e+00
1.963223833e+00
1.967511219e+00
1.964180381e+00
1.969723877e+00
1.961129146e+00
1.970504114e+00
1.960446760e+00
1.970205281e+00
1.960929514e+00
1.971076449e+00
1.962352455e+00
1.972181169e+00
1.960661891e+00
1.977653003e+00
1.960153527e+00
1.983927557e+00
1.979612852e+00
1.985267688e+00
1.981073434e+00
1.988015771e+00
1.978795814e+00
1.985956593e+00
1.981337734e+00
1.982595956e+00
1.964139551e+00
1.966000536e+00
1.972626041e+00
1.973841683e+00
1.966323799e+00
1.975970549e+00
1.972687563e+00
1.963890377e+00

[first_drift]
7.162149996e-05
4.386063665e-05
4.385132343e-05
4.389043897e-05
4.398077726e-05
4.468113184e-05
4.399102181e-05
4.506111145e-05
4.393141717e-05
4.412978888e-05
4.403013736e-05
4.409998655e-05
4.427134991e-05
4.885066301e-05
4.444085062e-05
4.397146404e-05
4.480034113e-05
4.405062646e-05
4.462152719e-05
4.394073039e-05
4.462059587e-05
4.400964826e-05
4.416145384e-05
4.841107875e-05
4.392117262e-05
4.404038191e-05
4.392117262e-05
4.387181252e-05
4.385970533e-05
4.440080374e-05
4.385039210e-05
4.418008029e-05
4.959013313e-05
4.408974200e-05
4.447065294e-05
4.441011697e-05
4.439149052e-05
4.503037781e-05
4.451069981e-05
4.460010678e-05
4.513096064e-05
4.454050213e-05
4.390068352e-05
4.329998046e-05
4.515051842e-05
4.417076707e-05
4.388950765e-05
4.474073648e-05
4.606135190e-05
4.395935684e-05

[force]
1.961636879e+00
1.969764308e+00
1.961267265e+00
1.970259573e+00
1.966508880e+00
1.964647774e+00
1.966072336e+00
1.969139732e+00
1.969662677e+00
1.960630852e+00
1.970065291e+00
1.960771462e+00
1.969655457e+00
1.960734192e+00
1.970172650e+00
1.962063313e+00
1.972770883e+00
1.966672712e+00
1.963067691e+00
1.967354937e+00
1.964017740e+00
1.969568396e+00
1.960974374e+00
1.970344582e+00
1.960291518e+00
1.970050040e+00
1.960770082e+00
1.970920507e+00
1.962196634e+00
1.972025577e+00
1.960507450e+00
1.977496703e+00
1.959995296e+00
1.983764366e+00
1.979454930e+00
1.985110516e+00
1.980910531e+00
1.987853239e+00
1.978644983e+00
1.985806862e+00
1.981189503e+00
1.982447094e+00
1.963964249e+00
1.965849345e+00
1.972469030e+00
1.973690151e+00
1.966170278e+00
1.975819458e+00
1.972537741e+00
1.963736277e+00

[kick]
6.546173245e-05
6.575975567e-05
6.657093763e-05
6.583984941e-05
7.232092321e-05
6.630085409e-05
6.684102118e-05
6.589107215e-05
6.556976587e-05
6.757955998e-05
6.589945406e-05
6.490014493e-05
6.609037519e-05
6.515998393e-05
6.591156125e-05
6.616022438e-05
6.584078074e-05
6.640050560e-05
6.581097841e-05
6.635114551e-05
7.159076631e-05
6.537139416e-05
6.521027535e-05
6.594043225e-05
6.563030183e-05
6.538070738e-05
6.583146751e-05
6.615929306e-05
6.539095193e-05
6.638001651e-05
6.537139416e-05
6.637070328e-05
6.299093366e-05
7.322989404e-05
6.631948054e-05
6.654113531e-05
6.776954979e-05
6.534066051e-05
6.014946848e-05
5.740113556e-05
5.717109889e-05
5.976110697e-05
8.430052549e-05
5.894992501e-05
6.599072367e-05
6.164051592e-05
6.311014295e-05
5.736108869e-05
5.823001266e-05
6.416160613e-05

[second_drift]
4.546996206e-05
4.516076297e-05
5.050003529e-05
4.582945257e-05
4.556961358e-05
4.552025348e-05
4.635006189e-05
4.490930587e-05
4.543084651e-05
5.046091974e-05
4.471093416e-05
4.573073238e-05
4.537031054e-05
4.556123167e-05
4.632957280e-05
4.684086889e-05
4.553981125e-05
4.530046135e-05
4.565995187e-05
4.594027996e-05
4.617031664e-05
4.597008228e-05
4.536099732e-05
4.508066922e-05
4.564039409e-05
4.577077925e-05
4.963018000e-05
4.586111754e-05
4.652142525e-05
4.475098103e-05
4.511978477e-05
4.568975419e-05
4.556030035e-05
4.582107067e-05
4.702992737e-05
4.616007209e-05
5.065090954e-05
5.206093192e-05
4.608090967e-05
4.767999053e-05
4.588998854e-05
4.446972162e-05
4.705134779e-05
4.890095443e-05
4.583038390e-05
4.563014954e-05
4.647951573e-05
4.892982543e-05
4.542060196e-05
4.574935883e-05

