[config]
variant=blocking
n_particles=50000
n_steps=50
dt=1.000000000e-04
eps=5.000000000e-02
G=1.000000000e+00
mass=1.000000000e+00
max_relative_energy_drift=3.699530701e-07
energy_tolerance=1.000000000e-03

[one-time]
reading_time=1.423652284e-03
writing_time=0.000000000e+00
initial_energy_time=4.121540963e+00

[total_step]
1.982627296e+00
1.977231010e+00
1.978774383e+00
1.981239465e+00
1.976703377e+00
1.980900781e+00
1.981932690e+00
1.975984180e+00
1.982491574e+00
1.975463266e+00
1.988431884e+00
1.976283533e+00
1.981313835e+00
1.977610464e+00
1.983670605e+00
1.980557319e+00
1.977286090e+00
1.984317109e+00
1.976729787e+00
1.982287362e+00
1.975660447e+00
1.981839609e+00
1.976137212e+00
1.982405164e+00
1.981230574e+00
1.974484217e+00
1.981610238e+00
1.976145141e+00
1.979906553e+00
1.975162553e+00
1.978502780e+00
1.975082112e+00
1.977717265e+00
1.979944113e+00
1.973769102e+00
1.981156313e+00
1.972870374e+00
1.984252469e+00
1.974431377e+00
1.980067055e+00
1.972932694e+00
1.981088923e+00
1.973985483e+00
1.978944395e+00
1.972974205e+00
1.979981533e+00
1.973935174e+00
1.979613591e+00
1.976695766e+00
1.976225732e+00

[first_drift]
6.376020610e-05
4.788115621e-05
4.518125206e-05
4.881154746e-05
5.017034709e-05
5.982071161e-05
4.855077714e-05
5.591940135e-05
4.602037370e-05
5.075056106e-05
4.571024328e-05
5.451124161e-05
5.747098476e-05
5.581974983e-05
5.240086466e-05
4.452094436e-05
4.987046123e-05
4.515144974e-05
4.746019840e-05
5.211960524e-05
4.755053669e-05
5.109049380e-05
4.703085870e-05
5.488004535e-05
4.465971142e-05
4.723016173e-05
4.468113184e-05
4.514958709e-05
5.488004535e-05
4.469044507e-05
5.196966231e-05
5.012936890e-05
5.760975182e-05
4.607997835e-05
5.540158600e-05
5.451962352e-05
4.468020052e-05
5.615130067e-05
4.844088107e-05
4.559103400e-05
5.431007594e-05
5.044136196e-05
5.006976426e-05
5.543138832e-05
4.674959928e-05
5.526002496e-05
4.660151899e-05
4.673097283e-05
4.856102169e-05
5.177129060e-05

[force]
1.982451645e+00
1.977070498e+00
1.978609141e+00
1.981070213e+00
1.976511634e+00
1.980730440e+00
1.981756119e+00
1.975819759e+00
1.982316253e+00
1.975306534e+00
1.988275724e+00
1.976096051e+00
1.981130163e+00
1.977434102e+00
1.983511783e+00
1.980399587e+00
1.977130650e+00
1.984152487e+00
1.976549665e+00
1.982114801e+00
1.975490716e+00
1.981676598e+00
1.975962880e+00
1.982240933e+00
1.981076953e+00
1.974330346e+00
1.981457056e+00
1.975975730e+00
1.979745332e+00
1.974998312e+00
1.978334730e+00
1.974899582e+00
1.977551793e+00
1.979765792e+00
1.973578580e+00
1.980992883e+00
1.972699203e+00
1.984083927e+00
1.974274875e+00
1.979893373e+00
1.972761433e+00
1.980923091e+00
1.973803583e+00
1.978780203e+00
1.972798634e+00
1.979818082e+00
1.973773882e+00
1.979446489e+00
1.976527614e+00
1.976045180e+00

[kick]
5.943980068e-05
6.594136357e-05
6.068125367e-05
6.450992078e-05
7.328111678e-05
5.802977830e-05
6.542913616e-05
5.924142897e-05
7.242057472e-05
5.889125168e-05
5.869008601e-05
6.699096411e-05
6.410013884e-05
6.023049355e-05
6.039068103e-05
5.833990872e-05
5.885027349e-05
5.797110498e-05
7.387995720e-05
6.367079914e-05
6.444100291e-05
6.237998605e-05
6.503984332e-05
6.322097033e-05
5.874037743e-05
6.017088890e-05
5.949940532e-05
6.342958659e-05
6.011966616e-05
6.305985153e-05
5.919951946e-05
6.581097841e-05
5.892105401e-05
6.851088256e-05
7.249973714e-05
6.276089698e-05
6.293132901e-05
6.009079516e-05
5.843117833e-05
6.492994726e-05
6.151106209e-05
5.957018584e-05
6.830040365e-05
5.925167352e-05
6.544962525e-05
5.750078708e-05
6.479024887e-05
6.634090096e-05
6.264075637e-05
6.544124335e-05

[second_drift]
5.239062011e-05
4.659965634e-05
5.931966007e-05
5.589053035e-05
6.808061153e-05
5.243159831e-05
6.244145334e-05
4.921015352e-05
5.678087473e-05
4.703924060e-05
5.171075463e-05
6.585940719e-05
6.205122918e-05
6.027147174e-05
4.598032683e-05
5.482044071e-05
4.667136818e-05
6.140023470e-05
5.867052823e-05
5.657039583e-05
5.762930959e-05
4.948023707e-05
6.216112524e-05
4.607997835e-05
5.013123155e-05
4.641059786e-05
4.895031452e-05
6.079114974e-05
4.617124796e-05
5.644094199e-05
5.679111928e-05
6.654951721e-05
4.888977855e-05
6.368011236e-05
6.256159395e-05
4.610978067e-05
6.341002882e-05
5.218945444e-05
4.952959716e-05
6.311107427e-05
5.535036325e-05
5.577038974e-05
6.347056478e-05
4.944950342e-05
6.332155317e-05
5.056988448e-05
4.985090345e-05
5.394034088e-05
5.691032857e-05
6.318930537e-05

