[config]
variant=blocking
n_particles=50000
n_steps=50
dt=1.000000000e-04
eps=5.000000000e-02
G=1.000000000e+00
mass=1.000000000e+00
max_relative_energy_drift=3.699530701e-07
energy_tolerance=1.000000000e-03

[one-time]
reading_time=1.601974480e-03
writing_time=0.000000000e+00
initial_energy_time=4.115826446e+00

[total_step]
1.980494778e+00
1.979767031e+00
1.974696820e+00
1.980912400e+00
1.976705397e+00
1.976645595e+00
1.980437578e+00
1.974029134e+00
1.979313518e+00
1.976713766e+00
1.978728923e+00
1.979638021e+00
1.974520966e+00
1.983111709e+00
1.976720877e+00
1.982077481e+00
1.979911273e+00
1.978338329e+00
1.981856740e+00
1.977085979e+00
1.981851429e+00
1.977046650e+00
1.983216171e+00
1.982107571e+00
1.976984548e+00
1.982485605e+00
1.977379071e+00
1.981922461e+00
1.976296763e+00
1.982092461e+00
1.978162048e+00
1.981760749e+00
1.982787327e+00
1.976261863e+00
1.984293730e+00
1.976562735e+00
1.983868336e+00
1.977291161e+00
1.982408104e+00
1.977377722e+00
1.982445614e+00
1.981229234e+00
1.978906254e+00
1.981651437e+00
1.976745317e+00
1.981658938e+00
1.976850246e+00
1.982662167e+00
1.981264505e+00
1.979718512e+00

[first_drift]
6.679166108e-05
5.441997200e-05
5.651172251e-05
4.648044705e-05
4.566088319e-05
5.570147187e-05
4.520080984e-05
6.125122309e-05
4.522968084e-05
4.673004150e-05
4.543922842e-05
4.615075886e-05
5.563069135e-05
4.519149661e-05
5.449075252e-05
6.136950105e-05
5.314033478e-05
4.811026156e-05
5.649123341e-05
4.895031452e-05
4.557985812e-05
5.525164306e-05
5.508121103e-05
5.385093391e-05
4.736986011e-05
5.553010851e-05
4.991050810e-05
4.786066711e-05
4.795100540e-05
4.652980715e-05
4.768930376e-05
6.526056677e-05
5.286931992e-05
5.960091949e-05
4.476122558e-05
5.422160029e-05
4.862993956e-05
4.544109106e-05
5.344115198e-05
4.718918353e-05
5.210097879e-05
4.722177982e-05
5.311984569e-05
4.983972758e-05
5.160085857e-05
4.841946065e-05
4.568044096e-05
5.214102566e-05
4.865974188e-05
5.231145769e-05

[force]
1.980298386e+00
1.979597962e+00
1.974531517e+00
1.980753600e+00
1.976525584e+00
1.976478823e+00
1.980245205e+00
1.973862642e+00
1.979162507e+00
1.976564945e+00
1.978575082e+00
1.979455269e+00
1.974360395e+00
1.982939787e+00
1.976500924e+00
1.981895050e+00
1.979749272e+00
1.978162868e+00
1.981681597e+00
1.976923978e+00
1.981686380e+00
1.976868338e+00
1.983040299e+00
1.981944520e+00
1.976810967e+00
1.982318704e+00
1.977223731e+00
1.981764738e+00
1.976145611e+00
1.981938641e+00
1.977981557e+00
1.981568937e+00
1.982595666e+00
1.976080630e+00
1.984123168e+00
1.976397653e+00
1.983709055e+00
1.977123969e+00
1.982241182e+00
1.977207052e+00
1.982274762e+00
1.981056142e+00
1.978745454e+00
1.981479956e+00
1.976577135e+00
1.981499097e+00
1.976680875e+00
1.982482305e+00
1.981092483e+00
1.979551099e+00

[kick]
6.674975157e-05
5.875993520e-05
6.029009819e-05
6.431061774e-05
7.109157741e-05
6.362143904e-05
7.678102702e-05
5.893036723e-05
5.748122931e-05
5.592126399e-05
5.853082985e-05
7.432047278e-05
5.795154721e-05
6.622169167e-05
9.306147695e-05
6.141047925e-05
5.709007382e-05
6.285123527e-05
6.390083581e-05
6.487034261e-05
6.299000233e-05
6.948970258e-05
6.079114974e-05
5.978997797e-05
6.322003901e-05
6.347987801e-05
5.859974772e-05
6.129033864e-05
5.791056901e-05
5.722045898e-05
6.633158773e-05
6.724987179e-05
7.116049528e-05
6.971135736e-05
6.703101099e-05
5.844049156e-05
6.326101720e-05
6.124097854e-05
6.213132292e-05
6.587058306e-05
6.248056889e-05
6.724055856e-05
6.046053022e-05
6.556138396e-05
6.370060146e-05
6.539002061e-05
6.742123514e-05
7.101055235e-05
5.896110088e-05
6.012059748e-05

[second_drift]
6.271060556e-05
5.584023893e-05
4.845112562e-05
4.797056317e-05
6.299931556e-05
4.739966244e-05
7.024034858e-05
4.626065493e-05
4.823971540e-05
4.610046744e-05
4.983041435e-05
6.222072989e-05
4.689954221e-05
6.022956222e-05
7.235072553e-05
5.950126797e-05
5.172099918e-05
6.438978016e-05
5.470030010e-05
4.813075066e-05
5.643069744e-05
5.352031440e-05
5.995947868e-05
4.936102778e-05
6.294157356e-05
4.779081792e-05
4.677008837e-05
4.851073027e-05
4.520080984e-05
5.003064871e-05
6.636977196e-05
5.925074220e-05
6.758049130e-05
5.181040615e-05
5.867984146e-05
5.237013102e-05
4.734005779e-05
6.045959890e-05
5.123019218e-05
5.757063627e-05
5.617085844e-05
5.854014307e-05
4.717055708e-05
5.603022873e-05
5.281064659e-05
4.598032683e-05
5.621090531e-05
5.665980279e-05
6.435997784e-05
5.472078919e-05

