[config]
variant=aos-vs-soa/aos
n_particles=50000
n_steps=50
dt=1.000000000e-04
eps=5.000000000e-02
G=1.000000000e+00
mass=1.000000000e+00
max_relative_energy_drift=3.699530700e-07
energy_tolerance=1.000000000e-03

[one-time]
reading_time=2.099801786e-03
writing_time=0.000000000e+00
initial_energy_time=7.222733175e+00

[total_step]
9.751276740e+00
9.753439154e+00
9.750683308e+00
9.752320617e+00
9.756886933e+00
9.766920914e+00
9.747199914e+00
9.753216060e+00
9.751038908e+00
9.747382686e+00
9.749387109e+00
9.756217130e+00
9.749470319e+00
9.785272845e+00
9.753171450e+00
9.750129063e+00
9.749812980e+00
9.751316420e+00
9.750651386e+00
9.749872291e+00
9.752449947e+00
9.743447523e+00
9.748053989e+00
9.748534273e+00
9.748535722e+00
9.749369797e+00
9.749027126e+00
9.752382966e+00
9.751846584e+00
9.752821059e+00
9.753335712e+00
9.753941835e+00
9.767437669e+00
9.777632749e+00
9.778815385e+00
9.776954854e+00
9.773925926e+00
9.770504436e+00
9.771874564e+00
9.773452490e+00
9.768388600e+00
9.764768275e+00
9.771601503e+00
9.771838026e+00
9.765279307e+00
9.765309467e+00
9.765558860e+00
9.768464061e+00
9.771013940e+00
9.769642539e+00

[first_drift]
9.147077799e-05
4.029087722e-05
4.030950367e-05
4.104990512e-05
4.126038402e-05
4.062987864e-05
4.050042480e-05
4.231929779e-05
4.184991121e-05
4.051066935e-05
4.045106471e-05
4.156120121e-05
4.037935287e-05
4.110019654e-05
4.180055112e-05
4.188995808e-05
4.073046148e-05
4.200078547e-05
4.603993148e-05
4.199054092e-05
4.029087722e-05
4.057027400e-05
4.140008241e-05
4.144012928e-05
4.462990910e-05
4.168972373e-05
4.028063267e-05
4.057120532e-05
4.093069583e-05
4.069972783e-05
4.795007408e-05
4.236027598e-05
4.029087722e-05
4.034955055e-05
4.183035344e-05
4.199054092e-05
4.163011909e-05
4.203990102e-05
4.104990512e-05
4.062056541e-05
4.145037383e-05
4.180055112e-05
4.132930189e-05
4.072114825e-05
4.153978080e-05
4.034023732e-05
4.172138870e-05
4.056002945e-05
4.142988473e-05
4.039984196e-05

[force]
9.751106008e+00
9.753319262e+00
9.750563117e+00
9.752200225e+00
9.756766232e+00
9.766800943e+00
9.747079493e+00
9.753093611e+00
9.750917599e+00
9.747262925e+00
9.749266957e+00
9.756096209e+00
9.749350778e+00
9.785150575e+00
9.753044121e+00
9.750008073e+00
9.749693130e+00
9.751194369e+00
9.750525475e+00
9.749751161e+00
9.752330296e+00
9.743327262e+00
9.747933019e+00
9.748413553e+00
9.748412043e+00
9.749248768e+00
9.748906956e+00
9.752263125e+00
9.751726312e+00
9.752699289e+00
9.753208411e+00
9.753820405e+00
9.767317937e+00
9.777512728e+00
9.778693595e+00
9.776833474e+00
9.773798466e+00
9.770383265e+00
9.771754003e+00
9.773332659e+00
9.768267660e+00
9.764640472e+00
9.771481203e+00
9.771717695e+00
9.765158597e+00
9.765182497e+00
9.765437978e+00
9.768333919e+00
9.770886438e+00
9.769521768e+00

[kick]
3.900937736e-05
3.929995000e-05
3.972928971e-05
3.915000707e-05
3.925058991e-05
3.899075091e-05
3.934092820e-05
3.927946091e-05
3.932975233e-05
3.901030868e-05
3.939028829e-05
3.927014768e-05
3.895070404e-05
3.930926323e-05
4.483945668e-05
3.913976252e-05
3.900006413e-05
3.961008042e-05
3.962032497e-05
3.901962191e-05
3.929995000e-05
3.958027810e-05
3.914069384e-05
3.932043910e-05
3.887992352e-05
3.924034536e-05
3.957003355e-05
3.921054304e-05
3.907084465e-05
3.917049617e-05
3.905128688e-05
3.911927342e-05
3.924034536e-05
3.912020475e-05
3.933999687e-05
3.927014768e-05
3.928970546e-05
3.898143768e-05
3.935024142e-05
3.904104233e-05
3.893952817e-05
3.933068365e-05
3.890041262e-05
3.937073052e-05
3.896001726e-05
3.932975233e-05
3.901030868e-05
4.941038787e-05
4.583131522e-05
3.920029849e-05

[second_drift]
4.010088742e-05
4.024989903e-05
4.010088742e-05
4.014000297e-05
4.014000297e-05
4.030019045e-05
4.053022712e-05
4.080031067e-05
4.007946700e-05
4.008971155e-05
4.009064287e-05
4.002917558e-05
4.016049206e-05
4.181172699e-05
4.064012319e-05
3.991089761e-05
4.006922245e-05
4.030950367e-05
4.019029438e-05
4.008039832e-05
4.001054913e-05
4.006084055e-05
4.038028419e-05
3.990996629e-05
4.012044519e-05
4.004966468e-05
4.026107490e-05
4.000030458e-05
4.020985216e-05
4.186015576e-05
4.024989903e-05
3.990065306e-05
4.007108510e-05
4.050042480e-05
4.056096077e-05
4.007015377e-05
4.648044705e-05
4.009995610e-05
4.010088742e-05
4.011951387e-05
4.050042480e-05
4.663038999e-05
4.001986235e-05
4.018004984e-05
4.015956074e-05
4.724971950e-05
4.009995610e-05
4.011113197e-05
4.018936306e-05
4.112068564e-05

