[config]
variant=aos-vs-soa/aos
n_particles=50000
n_steps=50
dt=1.000000000e-04
eps=5.000000000e-02
G=1.000000000e+00
mass=1.000000000e+00
max_relative_energy_drift=3.699530700e-07
energy_tolerance=1.000000000e-03

[one-time]
reading_time=1.949844882e-03
writing_time=0.000000000e+00
initial_energy_time=7.174857995e+00

[total_step]
9.724036544e+00
9.725577625e+00
9.714606095e+00
9.712519910e+00
9.712517250e+00
9.712357649e+00
9.713501297e+00
9.712897083e+00
9.711752214e+00
9.712701491e+00
9.712519150e+00
9.710714287e+00
9.709175675e+00
9.702427536e+00
9.702725738e+00
9.710212113e+00
9.714688485e+00
9.713997611e+00
9.715332230e+00
9.716217686e+00
9.714104422e+00
9.714378713e+00
9.716150117e+00
9.714438684e+00
9.714847268e+00
9.716188337e+00
9.714546984e+00
9.715379182e+00
9.713475476e+00
9.715873185e+00
9.713893730e+00
9.714229251e+00
9.716595300e+00
9.714334673e+00
9.714162642e+00
9.716045436e+00
9.715030909e+00
9.714778097e+00
9.714070201e+00
9.716001686e+00
9.713514507e+00
9.713242275e+00
9.714505485e+00
9.713112574e+00
9.712187147e+00
9.712605321e+00
9.712731836e+00
9.712524224e+00
9.712816996e+00
9.714178024e+00

[first_drift]
9.161047637e-05
4.018004984e-05
4.015956074e-05
4.165992141e-05
4.039984196e-05
4.166923463e-05
4.214048386e-05
4.172045738e-05
4.039052874e-05
4.028063267e-05
4.218984395e-05
4.484970123e-05
4.225037992e-05
4.034955055e-05
4.054047167e-05
4.225037992e-05
4.193931818e-05
4.216004163e-05
4.163011909e-05
4.031043500e-05
4.045106471e-05
4.133023322e-05
4.489161074e-05
4.076026380e-05
4.198960960e-05
4.206970334e-05
4.112999886e-05
4.203058779e-05
4.186015576e-05
4.675053060e-05
4.070997238e-05
4.197005183e-05
4.661176354e-05
4.201009870e-05
4.216935486e-05
4.022009671e-05
4.108995199e-05
4.111044109e-05
4.125013947e-05
4.102103412e-05
4.046037793e-05
4.280079156e-05
4.079006612e-05
4.204083234e-05
4.228018224e-05
4.128087312e-05
4.053954035e-05
4.027970135e-05
4.162080586e-05
4.041939974e-05

[force]
9.723860783e+00
9.725457695e+00
9.714486214e+00
9.712398970e+00
9.712397480e+00
9.712234998e+00
9.713378656e+00
9.712770771e+00
9.711632383e+00
9.712580699e+00
9.712397401e+00
9.710589226e+00
9.709053705e+00
9.702307905e+00
9.702599017e+00
9.710089582e+00
9.714565044e+00
9.713875630e+00
9.715210950e+00
9.716097826e+00
9.713984550e+00
9.714257893e+00
9.716025814e+00
9.714317753e+00
9.714725296e+00
9.716066087e+00
9.714425374e+00
9.715256731e+00
9.713354176e+00
9.715747003e+00
9.713773260e+00
9.714106622e+00
9.716469098e+00
9.714213103e+00
9.714040971e+00
9.715925175e+00
9.714910448e+00
9.714657306e+00
9.713944901e+00
9.715870154e+00
9.713393986e+00
9.713119773e+00
9.714384644e+00
9.712991033e+00
9.712065347e+00
9.712484679e+00
9.712611737e+00
9.712404573e+00
9.712695804e+00
9.714058094e+00

[kick]
4.013162106e-05
3.965105861e-05
3.944057971e-05
3.912020475e-05
3.907922655e-05
3.898981959e-05
4.030112177e-05
3.916025162e-05
3.925058991e-05
3.918074071e-05
3.925990313e-05
3.912951797e-05
3.943964839e-05
3.909971565e-05
3.948993981e-05
3.989972174e-05
3.956072032e-05
3.941077739e-05
3.931950778e-05
3.952998668e-05
3.928132355e-05
3.931950778e-05
3.935117275e-05
3.934092820e-05
3.925152123e-05
3.921985626e-05
3.921985626e-05
3.926921636e-05
3.932043910e-05
3.929063678e-05
3.918912262e-05
3.920961171e-05
3.923103213e-05
3.901962191e-05
3.945082426e-05
3.982055932e-05
3.920029849e-05
3.928970546e-05
3.924965858e-05
3.920029849e-05
3.918074071e-05
3.945175558e-05
3.916025162e-05
3.942009062e-05
3.927014768e-05
3.920122981e-05
3.936979920e-05
3.928970546e-05
3.925990313e-05
3.921985626e-05

[second_drift]
4.386994988e-05
4.004966468e-05
4.018004984e-05
4.011020064e-05
4.016049206e-05
4.194118083e-05
4.014000297e-05
4.528090358e-05
4.005990922e-05
4.127062857e-05
4.024989903e-05
4.103034735e-05
4.023034126e-05
4.012137651e-05
4.663970321e-05
4.032067955e-05
4.181079566e-05
4.016049206e-05
4.028063267e-05
3.996025771e-05
4.007015377e-05
4.012044519e-05
4.000961781e-05
4.077050835e-05
4.066992551e-05
4.091113806e-05
4.121009260e-05
4.100147635e-05
4.005990922e-05
4.009064287e-05
4.052184522e-05
4.140008241e-05
4.030950367e-05
4.049018025e-05
3.999006003e-05
4.008039832e-05
4.011951387e-05
4.034116864e-05
4.476029426e-05
5.127117038e-05
4.081055522e-05
4.019960761e-05
4.082918167e-05
4.003103822e-05
4.020053893e-05
4.011020064e-05
4.013068974e-05
4.003103822e-05
4.025083035e-05
4.024058580e-05

