[config]
variant=aos-vs-soa/aos
n_particles=50000
n_steps=50
dt=1.000000000e-04
eps=5.000000000e-02
G=1.000000000e+00
mass=1.000000000e+00
max_relative_energy_drift=3.699530700e-07
energy_tolerance=1.000000000e-03

[one-time]
reading_time=1.774763688e-03
writing_time=0.000000000e+00
initial_energy_time=7.355268250e+00

[total_step]
9.938005224e+00
9.945206080e+00
9.940024210e+00
9.933870500e+00
9.961596554e+00
9.953819343e+00
9.954732023e+00
9.955590925e+00
9.929674675e+00
9.948029026e+00
9.942547914e+00
9.944862674e+00
9.963512820e+00
9.960143505e+00
9.955608056e+00
9.936776038e+00
9.956724821e+00
9.969648451e+00
9.967706215e+00
9.994701910e+00
9.983855037e+00
9.959045933e+00
9.960929005e+00
9.952134400e+00
9.994868162e+00
1.000210791e+01
9.995599261e+00
9.995900475e+00
9.994111333e+00
9.973803455e+00
9.979543952e+00
9.981204955e+00
9.985544162e+00
9.974489179e+00
9.976019871e+00
9.999897772e+00
1.000480354e+01
9.966225035e+00
9.969302438e+00
9.987787629e+00
9.984896758e+00
9.966996292e+00
9.984217450e+00
9.982350201e+00
9.975365754e+00
9.982510161e+00
9.978643219e+00
9.967404457e+00
9.980290286e+00
9.977251154e+00

[first_drift]
9.167101234e-05
4.328973591e-05
4.268996418e-05
4.317052662e-05
4.258099943e-05
4.187133163e-05
4.329998046e-05
4.214048386e-05
4.192069173e-05
4.323013127e-05
4.270952195e-05
4.216004163e-05
4.178099334e-05
4.201103002e-05
4.315096885e-05
4.273932427e-05
4.357099533e-05
4.259124398e-05
4.328135401e-05
4.229042679e-05
4.352163523e-05
4.404131323e-05
4.175957292e-05
4.363991320e-05
4.301033914e-05
4.230067134e-05
4.186015576e-05
4.321150482e-05
4.262104630e-05
4.349090159e-05
4.196166992e-05
4.209019244e-05
4.254933447e-05
5.451031029e-05
4.189088941e-05
4.300102592e-05
4.347041249e-05
4.311930388e-05
4.274025559e-05
4.170928150e-05
4.182104021e-05
4.194024950e-05
4.313047975e-05
4.208087921e-05
5.302019417e-05
4.193931818e-05
4.189927131e-05
4.358030856e-05
4.232022911e-05
4.203151911e-05

[force]
9.937831481e+00
9.945080838e+00
9.939899269e+00
9.933745578e+00
9.961472303e+00
9.953691271e+00
9.954606553e+00
9.955466114e+00
9.929545313e+00
9.947903954e+00
9.942423082e+00
9.944738683e+00
9.963383947e+00
9.960019253e+00
9.955482634e+00
9.936650948e+00
9.956599488e+00
9.969523559e+00
9.967580683e+00
9.994576759e+00
9.983728336e+00
9.958920080e+00
9.960804554e+00
9.952008300e+00
9.994743020e+00
1.000198356e+01
9.995475161e+00
9.995764954e+00
9.993984391e+00
9.973677543e+00
9.979419270e+00
9.981080503e+00
9.985418231e+00
9.974352220e+00
9.975896360e+00
9.999772289e+00
1.000467711e+01
9.966099824e+00
9.969177877e+00
9.987663658e+00
9.984772686e+00
9.966872431e+00
9.984091749e+00
9.982226549e+00
9.975230933e+00
9.982386591e+00
9.978518819e+00
9.967279026e+00
9.980165345e+00
9.977126523e+00

[kick]
4.005990922e-05
4.050973803e-05
4.012137651e-05
4.019122571e-05
4.006084055e-05
4.465971142e-05
4.051998258e-05
4.092045128e-05
4.556030035e-05
4.016980529e-05
4.067178816e-05
4.039052874e-05
4.041101784e-05
4.054978490e-05
4.064012319e-05
4.059076309e-05
4.031043500e-05
4.052091390e-05
4.052091390e-05
4.056096077e-05
4.064943641e-05
4.027970135e-05
4.049018025e-05
4.053022712e-05
4.052091390e-05
4.050042480e-05
4.053115845e-05
5.061086267e-05
4.084035754e-05
4.049018025e-05
4.088971764e-05
4.059076309e-05
4.043988883e-05
4.058983177e-05
4.011113197e-05
4.058983177e-05
4.064012319e-05
4.041939974e-05
4.032999277e-05
4.058144987e-05
4.068017006e-05
4.026107490e-05
4.049949348e-05
4.019029438e-05
4.026014358e-05
4.012044519e-05
4.061032087e-05
4.031974822e-05
4.068110138e-05
4.060938954e-05

[second_drift]
4.177074879e-05
4.138052464e-05
4.207994789e-05
4.150997847e-05
4.155933857e-05
4.147086293e-05
4.144106060e-05
4.169065505e-05
4.183035344e-05
4.162080586e-05
4.139076918e-05
4.138983786e-05
4.663038999e-05
4.159100354e-05
4.157144576e-05
4.171021283e-05
4.138983786e-05
4.172977060e-05
4.167016596e-05
4.225037992e-05
4.247110337e-05
4.147086293e-05
4.215072840e-05
4.188064486e-05
4.156026989e-05
4.150066525e-05
4.167016596e-05
4.164967686e-05
4.343129694e-05
4.187133163e-05
4.178192466e-05
4.172045738e-05
4.289112985e-05
4.181079566e-05
4.144944251e-05
4.184152931e-05
4.226062447e-05
4.149135202e-05
4.143174738e-05
4.162918776e-05
4.151090980e-05
4.159938544e-05
4.202034324e-05
4.133116454e-05
4.150066525e-05
4.146061838e-05
4.184059799e-05
4.147086293e-05
4.188995808e-05
4.194118083e-05

