[config]
variant=aos-vs-soa/aos
n_particles=50000
n_steps=50
dt=1.000000000e-04
eps=5.000000000e-02
G=1.000000000e+00
mass=1.000000000e+00
max_relative_energy_drift=3.699530700e-07
energy_tolerance=1.000000000e-03

[one-time]
reading_time=1.973533072e-03
writing_time=0.000000000e+00
initial_energy_time=7.175064173e+00

[total_step]
9.709280573e+00
9.781266716e+00
9.709004722e+00
9.810298015e+00
9.709142531e+00
9.785306194e+00
9.709055270e+00
9.781078734e+00
9.707169708e+00
9.809517180e+00
9.708783858e+00
9.709480454e+00
9.784782580e+00
9.709142691e+00
9.780761303e+00
9.710715433e+00
9.808208611e+00
9.708338155e+00
9.784750230e+00
9.707842973e+00
9.780745702e+00
9.710532380e+00
9.708578408e+00
9.807806568e+00
9.708872949e+00
9.785095722e+00
9.709360022e+00
9.780802824e+00
9.711053974e+00
9.805392271e+00
9.708208784e+00
9.709762056e+00
9.787187236e+00
9.708966950e+00
9.784339147e+00
9.708884590e+00
9.807758777e+00
9.709277803e+00
9.786805934e+00
9.708978800e+00
9.782435833e+00
9.708895650e+00
9.806795701e+00
9.708812110e+00
9.709631814e+00
9.784998972e+00
9.711190245e+00
9.780864313e+00
9.708978890e+00
9.806729530e+00

[first_drift]
9.205099195e-05
4.051998258e-05
4.192069173e-05
4.221964628e-05
4.035979509e-05
4.047993571e-05
4.047993571e-05
4.177168012e-05
4.038121551e-05
4.165992141e-05
4.245992750e-05
4.039146006e-05
4.228018224e-05
4.034116864e-05
4.049018025e-05
4.065968096e-05
4.239007831e-05
4.037003964e-05
4.213955253e-05
4.198029637e-05
4.068948328e-05
4.233140498e-05
4.215072840e-05
4.223082215e-05
4.197005183e-05
4.051998258e-05
4.121009260e-05
4.053022712e-05
4.048086703e-05
4.065968096e-05
4.094094038e-05
4.182942212e-05
4.115048796e-05
4.117097706e-05
4.221126437e-05
4.519149661e-05
4.184991121e-05
4.209112376e-05
4.043057561e-05
4.060938954e-05
4.184059799e-05
4.229042679e-05
4.222989082e-05
4.143081605e-05
4.044082016e-05
4.050973803e-05
4.228949547e-05
4.203058779e-05
4.088040441e-05
4.244130105e-05

[force]
9.709108941e+00
9.781145885e+00
9.708881050e+00
9.810176424e+00
9.709022641e+00
9.785186253e+00
9.708935320e+00
9.780957353e+00
9.707049515e+00
9.809394799e+00
9.708662109e+00
9.709359483e+00
9.784660690e+00
9.709022650e+00
9.780640853e+00
9.710595271e+00
9.808086580e+00
9.708218603e+00
9.784626680e+00
9.707721071e+00
9.780619342e+00
9.710410329e+00
9.708455357e+00
9.807683797e+00
9.708751519e+00
9.784975471e+00
9.709239601e+00
9.780677272e+00
9.710934373e+00
9.805272021e+00
9.708088213e+00
9.709640265e+00
9.787066686e+00
9.708845739e+00
9.784217586e+00
9.708759787e+00
9.807636676e+00
9.709156301e+00
9.786685863e+00
9.708858689e+00
9.782314244e+00
9.708766359e+00
9.806673810e+00
9.708691228e+00
9.709511694e+00
9.784878781e+00
9.711068495e+00
9.780741963e+00
9.708857520e+00
9.806602509e+00

[kick]
3.946945071e-05
3.928039223e-05
3.970041871e-05
3.917142749e-05
3.901962191e-05
3.926083446e-05
3.926921636e-05
3.941077739e-05
3.930088133e-05
3.948155791e-05
3.904942423e-05
3.905966878e-05
3.928039223e-05
3.952998668e-05
3.972928971e-05
3.912020475e-05
3.949087113e-05
3.901124001e-05
3.931019455e-05
3.946013749e-05
3.935024142e-05
3.903079778e-05
3.936979920e-05
4.000030458e-05
3.916025162e-05
3.923941404e-05
3.911089152e-05
4.476029426e-05
3.896001726e-05
3.932975233e-05
3.933161497e-05
3.951974213e-05
3.921985626e-05
3.902986646e-05
3.917980939e-05
3.913138062e-05
3.906060010e-05
3.920122981e-05
3.952067345e-05
3.924965858e-05
3.920961171e-05
3.929995000e-05
3.940146416e-05
3.924034536e-05
3.963056952e-05
3.925990313e-05
3.925990313e-05
3.974977881e-05
3.923010081e-05
3.954023123e-05

[second_drift]
4.005990922e-05
4.098098725e-05
4.199054092e-05
4.015024751e-05
4.045013338e-05
4.015024751e-05
4.014186561e-05
4.014000297e-05
4.045944661e-05
4.117935896e-05
4.018098116e-05
4.147086293e-05
4.027970135e-05
4.012044519e-05
4.018004984e-05
4.034116864e-05
4.010088742e-05
4.012044519e-05
4.205014557e-05
4.040077329e-05
4.626996815e-05
4.064012319e-05
4.147086293e-05
4.050042480e-05
4.023965448e-05
4.044175148e-05
4.005059600e-05
4.021078348e-05
4.010088742e-05
4.020985216e-05
4.024989903e-05
4.039052874e-05
4.011951387e-05
4.089996219e-05
4.012044519e-05
4.042964429e-05
4.114117473e-05
4.015956074e-05
4.007015377e-05
4.020147026e-05
4.049018025e-05
4.763994366e-05
4.019960761e-05
4.016049206e-05
3.999006003e-05
4.036072642e-05
4.016049206e-05
4.051998258e-05
4.121102393e-05
4.498101771e-05

