[config]
variant=aos-vs-soa/aos
n_particles=50000
n_steps=50
dt=1.000000000e-04
eps=5.000000000e-02
G=1.000000000e+00
mass=1.000000000e+00
max_relative_energy_drift=3.699530700e-07
energy_tolerance=1.000000000e-03

[one-time]
reading_time=2.026741393e-03
writing_time=0.000000000e+00
initial_energy_time=7.167907462e+00

[total_step]
9.706139355e+00
9.705505231e+00
9.705108119e+00
9.705099859e+00
9.705988384e+00
9.705072389e+00
9.704780327e+00
9.705841094e+00
9.704792777e+00
9.712666646e+00
9.713326129e+00
9.790101954e+00
9.712901616e+00
9.784268679e+00
9.711894010e+00
9.811368603e+00
9.713802922e+00
9.790291545e+00
9.712728476e+00
9.713372319e+00
9.786906895e+00
9.816721856e+00
9.715837574e+00
9.713851543e+00
9.792828172e+00
9.713063086e+00
9.784173038e+00
9.712945697e+00
9.810795940e+00
9.712585266e+00
9.791278211e+00
9.712768426e+00
9.712217452e+00
9.783732026e+00
9.713289400e+00
9.811025391e+00
9.714872058e+00
9.790265306e+00
9.712575604e+00
9.784636322e+00
9.713046067e+00
9.811673614e+00
9.713896465e+00
9.788757137e+00
9.713033628e+00
9.712264803e+00
9.785214013e+00
9.713331752e+00
9.813052353e+00
9.711586738e+00

[first_drift]
9.314063936e-05
4.042033106e-05
4.226993769e-05
4.047993571e-05
4.039984196e-05
4.241988063e-05
4.057120532e-05
4.090089351e-05
4.114955664e-05
4.058983177e-05
4.054047167e-05
4.226993769e-05
4.200078547e-05
4.052184522e-05
4.732981324e-05
4.216004163e-05
4.202034324e-05
4.197936505e-05
4.210136831e-05
4.199985415e-05
4.055909812e-05
4.145968705e-05
4.226062447e-05
4.053954035e-05
4.040077329e-05
4.058983177e-05
4.079006612e-05
4.231091589e-05
4.148948938e-05
4.187040031e-05
4.183035344e-05
4.227086902e-05
4.205014557e-05
4.214979708e-05
4.230998456e-05
4.037097096e-05
4.060007632e-05
4.041101784e-05
4.214048386e-05
4.215165973e-05
4.222989082e-05
4.111044109e-05
4.055071622e-05
4.239007831e-05
4.133023322e-05
4.056002945e-05
4.151090980e-05
4.251953214e-05
4.050973803e-05
4.209019244e-05

[force]
9.705966474e+00
9.705382281e+00
9.704986028e+00
9.704979678e+00
9.705867143e+00
9.704950528e+00
9.704655096e+00
9.705720352e+00
9.704671687e+00
9.712546064e+00
9.713205468e+00
9.789979824e+00
9.712779566e+00
9.784146287e+00
9.711765939e+00
9.811246003e+00
9.713676732e+00
9.790167994e+00
9.712601963e+00
9.713250348e+00
9.786786336e+00
9.816595607e+00
9.715715594e+00
9.713731052e+00
9.792707860e+00
9.712942896e+00
9.784051549e+00
9.712823385e+00
9.810674661e+00
9.712463454e+00
9.791155361e+00
9.712645864e+00
9.712094741e+00
9.783610205e+00
9.713167358e+00
9.810905581e+00
9.714751967e+00
9.790144804e+00
9.712452514e+00
9.784513909e+00
9.712924066e+00
9.811552464e+00
9.713775934e+00
9.788635116e+00
9.712912578e+00
9.712144422e+00
9.785092431e+00
9.713202732e+00
9.812926724e+00
9.711464767e+00

[kick]
3.943964839e-05
3.912951797e-05
3.945082426e-05
3.955047578e-05
3.960076720e-05
3.925990313e-05
4.427973181e-05
3.928132355e-05
3.954954445e-05
3.964081407e-05
3.956072032e-05
3.954023123e-05
3.961008042e-05
3.951042891e-05
3.974139690e-05
3.973022103e-05
3.966968507e-05
3.962032497e-05
4.357099533e-05
3.942102194e-05
3.958027810e-05
4.426948726e-05
3.939028829e-05
3.970973194e-05
3.977958113e-05
3.934092820e-05
3.961939365e-05
3.968086094e-05
3.960914910e-05
3.959052265e-05
3.965012729e-05
3.930926323e-05
3.999099135e-05
3.944151103e-05
3.950949758e-05
3.940053284e-05
3.916025162e-05
3.940146416e-05
3.992021084e-05
3.921985626e-05
3.947131336e-05
3.974977881e-05
3.935024142e-05
3.943126649e-05
3.942009062e-05
3.957096487e-05
3.959052265e-05
3.948993981e-05
4.441943020e-05
3.949925303e-05

[second_drift]
4.016049206e-05
4.325155169e-05
4.030950367e-05
4.010088742e-05
4.118960351e-05
4.014093429e-05
4.032999277e-05
4.041939974e-05
4.032999277e-05
4.028994590e-05
4.050042480e-05
4.023965448e-05
4.038959742e-05
4.230067134e-05
4.094932228e-05
4.062056541e-05
4.445016384e-05
4.190020263e-05
4.079006612e-05
4.049949348e-05
4.029925913e-05
4.047062248e-05
4.027970135e-05
4.019029438e-05
4.008132964e-05
4.020985216e-05
4.103034735e-05
4.027038813e-05
4.013068974e-05
4.029087722e-05
4.131998867e-05
4.093162715e-05
4.062056541e-05
4.018004984e-05
4.016980529e-05
3.997981548e-05
4.028994590e-05
4.064012319e-05
4.097912461e-05
4.098191857e-05
4.024989903e-05
4.024058580e-05
4.058051854e-05
4.015024751e-05
4.024989903e-05
4.019960761e-05
4.042126238e-05
4.695076495e-05
4.065129906e-05
4.033185542e-05

