[config]
variant=aos-vs-soa/aos
n_particles=50000
n_steps=50
dt=1.000000000e-04
eps=5.000000000e-02
G=1.000000000e+00
mass=1.000000000e+00
max_relative_energy_drift=3.699530700e-07
energy_tolerance=1.000000000e-03

[one-time]
reading_time=1.916622743e-03
writing_time=0.000000000e+00
initial_energy_time=7.272730333e+00

[total_step]
9.745451961e+00
9.747969377e+00
9.817771257e+00
9.744883968e+00
9.844170178e+00
9.746699579e+00
9.823094684e+00
9.747833507e+00
9.817248423e+00
9.744257462e+00
9.745400700e+00
9.845111145e+00
9.745026398e+00
9.825267318e+00
9.745325861e+00
9.817034802e+00
9.745783263e+00
9.845196185e+00
9.745310409e+00
9.825266328e+00
9.745593092e+00
9.817188982e+00
9.744579774e+00
9.745956354e+00
9.843915696e+00
9.747512314e+00
9.821876976e+00
9.745878963e+00
9.816486098e+00
9.745272259e+00
9.846052640e+00
9.747458325e+00
9.822415268e+00
9.745251599e+00
9.816830471e+00
9.744756635e+00
9.746459487e+00
9.845684568e+00
9.748209309e+00
9.822724060e+00
9.745566340e+00
9.818004278e+00
9.746832620e+00
9.845174514e+00
9.748316402e+00
9.746496137e+00
9.822898801e+00
9.745636498e+00
9.818945480e+00
9.745462335e+00

[first_drift]
9.363051504e-05
4.209019244e-05
4.061963409e-05
4.057027400e-05
4.214979708e-05
4.246085882e-05
4.100054502e-05
4.050135612e-05
4.114024341e-05
4.055071622e-05
4.061032087e-05
4.049949348e-05
4.197936505e-05
4.209112376e-05
4.049949348e-05
4.053954035e-05
4.068948328e-05
4.043988883e-05
4.129949957e-05
4.058983177e-05
4.064012319e-05
4.046037793e-05
4.085060209e-05
4.243012518e-05
4.170928150e-05
4.053022712e-05
4.210043699e-05
4.416983575e-05
4.214048386e-05
4.042964429e-05
4.039984196e-05
4.127155989e-05
4.245992750e-05
4.202965647e-05
4.072021693e-05
4.199985415e-05
4.048086703e-05
4.181079566e-05
4.035979509e-05
4.053022712e-05
4.225969315e-05
4.119053483e-05
4.224944860e-05
4.061032087e-05
4.197098315e-05
4.207994789e-05
4.239007831e-05
4.200078547e-05
4.230998456e-05
4.217028618e-05

[force]
9.745278870e+00
9.747847158e+00
9.817650686e+00
9.744762056e+00
9.844047787e+00
9.746577588e+00
9.822973862e+00
9.747712945e+00
9.817127672e+00
9.744137091e+00
9.745275599e+00
9.844990973e+00
9.744903257e+00
9.825145387e+00
9.745205309e+00
9.816914042e+00
9.745662802e+00
9.845075394e+00
9.745189139e+00
9.825145697e+00
9.745472322e+00
9.817068672e+00
9.744458853e+00
9.745833472e+00
9.843794005e+00
9.747391264e+00
9.821755115e+00
9.745754832e+00
9.816364187e+00
9.745151568e+00
9.845932201e+00
9.747336943e+00
9.822292899e+00
9.745129809e+00
9.816710089e+00
9.744634745e+00
9.746338837e+00
9.845562638e+00
9.748089499e+00
9.822603790e+00
9.745439290e+00
9.817878567e+00
9.746710079e+00
9.845050255e+00
9.748193819e+00
9.746374074e+00
9.822776391e+00
9.745514015e+00
9.818823357e+00
9.745340402e+00

[kick]
3.915000707e-05
3.976002336e-05
3.973022103e-05
3.957003355e-05
3.948062658e-05
3.920961171e-05
3.948993981e-05
3.976095468e-05
3.927107900e-05
3.943033516e-05
3.938004375e-05
3.937073052e-05
3.958027810e-05
3.950949758e-05
3.978051245e-05
3.964081407e-05
3.944057971e-05
3.976002336e-05
3.968086094e-05
3.970041871e-05
3.968086094e-05
3.958959132e-05
3.948993981e-05
3.990065306e-05
3.965105861e-05
3.933999687e-05
3.961939365e-05
3.934092820e-05
3.953091800e-05
3.993045539e-05
3.969948739e-05
3.959052265e-05
3.971997648e-05
3.946013749e-05
3.936979920e-05
3.936048597e-05
3.974977881e-05
3.968924284e-05
3.920029849e-05
3.933999687e-05
3.966037184e-05
3.932137042e-05
3.966037184e-05
3.950949758e-05
4.005059600e-05
3.951136023e-05
3.945082426e-05
3.950111568e-05
3.962032497e-05
3.934092820e-05

[second_drift]
4.019029438e-05
4.030950367e-05
4.017073661e-05
4.172138870e-05
4.070997238e-05
4.027038813e-05
4.026014358e-05
4.023034126e-05
4.022940993e-05
4.032067955e-05
4.505086690e-05
4.024989903e-05
4.152953625e-05
4.027038813e-05
4.022102803e-05
4.031974822e-05
4.027038813e-05
4.045944661e-05
4.023965448e-05
4.029087722e-05
4.039984196e-05
4.021078348e-05
4.053115845e-05
4.050042480e-05
4.028063267e-05
4.112999886e-05
4.008132964e-05
4.057027400e-05
4.019029438e-05
4.019029438e-05
4.028994590e-05
4.047062248e-05
4.013068974e-05
4.023965448e-05
4.024058580e-05
4.039052874e-05
4.037003964e-05
4.037097096e-05
4.019960761e-05
4.035048187e-05
4.507042468e-05
4.513934255e-05
4.058051854e-05
4.408042878e-05
4.051066935e-05
4.042126238e-05
4.050973803e-05
4.092138261e-05
4.014093429e-05
4.037003964e-05

