[config]
variant=aos-vs-soa/aos
n_particles=50000
n_steps=50
dt=1.000000000e-04
eps=5.000000000e-02
G=1.000000000e+00
mass=1.000000000e+00
max_relative_energy_drift=3.699530700e-07
energy_tolerance=1.000000000e-03

[one-time]
reading_time=2.032452263e-03
writing_time=0.000000000e+00
initial_energy_time=7.365731529e+00

[total_step]
9.990496949e+00
9.984262400e+00
9.985462413e+00
9.975774808e+00
9.977048372e+00
9.973280861e+00
9.980486810e+00
9.993111157e+00
9.986064070e+00
9.996698136e+00
9.999472317e+00
1.001648037e+01
1.000085749e+01
1.000531623e+01
1.000515381e+01
1.002237075e+01
1.002349219e+01
1.000205891e+01
9.996280981e+00
9.995722805e+00
9.993610623e+00
1.001460104e+01
1.000153338e+01
1.001460615e+01
1.000897600e+01
1.000553973e+01
9.996974120e+00
9.995482873e+00
9.997311792e+00
9.999660748e+00
9.989470698e+00
1.000174613e+01
1.000062534e+01
9.987380465e+00
9.991093629e+00
9.993069775e+00
9.996280741e+00
9.996841016e+00
9.993295058e+00
9.987853189e+00
1.000287215e+01
1.001049015e+01
1.000406726e+01
9.992269848e+00
9.991195974e+00
1.001063059e+01
1.001581935e+01
9.997757477e+00
9.996087018e+00
1.000758497e+01

[first_drift]
9.300094098e-05
4.161056131e-05
4.274956882e-05
4.380010068e-05
4.305038601e-05
4.318077117e-05
4.249159247e-05
4.186946899e-05
4.186946899e-05
4.235096276e-05
4.194118083e-05
4.321988672e-05
4.332046956e-05
4.319101572e-05
4.304014146e-05
4.856009036e-05
4.318170249e-05
4.294142127e-05
4.221033305e-05
4.250928760e-05
4.204083234e-05
4.213955253e-05
4.165060818e-05
4.209112376e-05
4.283990711e-05
4.169065505e-05
4.301127046e-05
4.248972982e-05
4.324968904e-05
4.354957491e-05
4.270114005e-05
4.348997027e-05
4.180055112e-05
4.216935486e-05
4.320126027e-05
4.223920405e-05
4.269089550e-05
4.325062037e-05
4.165060818e-05
4.182010889e-05
4.206039011e-05
4.159100354e-05
4.156958312e-05
4.204083234e-05
4.329159856e-05
4.195049405e-05
4.297960550e-05
4.200171679e-05
4.997011274e-05
5.209073424e-05

[force]
9.990322197e+00
9.984139219e+00
9.985336114e+00
9.975644707e+00
9.976918891e+00
9.973155649e+00
9.980362007e+00
9.992987446e+00
9.985935459e+00
9.996574155e+00
9.999347336e+00
1.001635380e+01
1.000073212e+01
1.000519088e+01
1.000502876e+01
1.002224009e+01
1.002336631e+01
1.000193341e+01
9.996157351e+00
9.995598264e+00
9.993486751e+00
1.001447707e+01
1.000140926e+01
1.001448055e+01
1.000885078e+01
1.000541578e+01
9.996849357e+00
9.995357902e+00
9.997185912e+00
9.999535697e+00
9.989346226e+00
1.000162082e+01
1.000049635e+01
9.987256125e+00
9.990968267e+00
9.992945604e+00
9.996155369e+00
9.996716055e+00
9.993163377e+00
9.987729138e+00
1.000274807e+01
1.001036713e+01
1.000394385e+01
9.992145896e+00
9.991070644e+00
1.001050627e+01
1.001569400e+01
9.997632124e+00
9.995947097e+00
1.000745129e+01

[kick]
4.026014358e-05
4.003942013e-05
4.059914500e-05
4.034023732e-05
4.475004971e-05
4.046130925e-05
4.073046148e-05
4.027970135e-05
4.017166793e-05
4.028994590e-05
4.082918167e-05
4.061963409e-05
4.047155380e-05
4.064105451e-05
4.032999277e-05
4.052091390e-05
4.101078957e-05
4.054047167e-05
4.007015377e-05
4.042126238e-05
4.028994590e-05
4.045106471e-05
4.085153341e-05
4.182010889e-05
4.060007632e-05
4.081986845e-05
4.024058580e-05
4.037003964e-05
4.065968096e-05
4.009157419e-05
4.017073661e-05
4.027970135e-05
4.574004561e-05
4.049949348e-05
4.070997238e-05
4.032161087e-05
4.063080996e-05
4.018004984e-05
4.049018025e-05
4.046969116e-05
4.060100764e-05
4.015956074e-05
4.029180855e-05
4.034023732e-05
4.050973803e-05
4.016049206e-05
4.068017006e-05
4.063080996e-05
4.843063653e-05
4.015117884e-05

[second_drift]
4.137121141e-05
4.147179425e-05
4.289019853e-05
4.591047764e-05
4.163105041e-05
4.149973392e-05
4.152115434e-05
4.133116454e-05
4.651956260e-05
4.129111767e-05
4.216097295e-05
4.248972982e-05
4.152953625e-05
4.146993160e-05
4.163105041e-05
4.150997847e-05
4.163011909e-05
4.197098315e-05
4.130043089e-05
4.156026989e-05
4.150066525e-05
4.131998867e-05
4.156958312e-05
4.164129496e-05
4.172977060e-05
4.138983786e-05
4.144944251e-05
4.206132144e-05
4.191137850e-05
4.136003554e-05
4.155095667e-05
4.149135202e-05
4.140101373e-05
4.161987454e-05
4.139170051e-05
4.155933857e-05
4.199054092e-05
4.148110747e-05
4.941038787e-05
4.170089960e-05
4.136003554e-05
4.121102393e-05
4.148948938e-05
4.152022302e-05
4.147086293e-05
4.216097295e-05
4.164036363e-05
4.267040640e-05
4.133023322e-05
4.140008241e-05

