[config]
variant=aos-vs-soa/soa
n_particles=50000
n_steps=50
dt=1.000000000e-04
eps=5.000000000e-02
G=1.000000000e+00
mass=1.000000000e+00
max_relative_energy_drift=3.699530700e-07
energy_tolerance=1.000000000e-03

[one-time]
reading_time=1.364019699e-03
writing_time=0.000000000e+00
initial_energy_time=4.066025357e+00

[total_step]
8.772106229e+00
8.769452917e+00
8.770063723e+00
8.769967553e+00
8.769710380e+00
8.770284347e+00
8.770928843e+00
8.770425359e+00
8.769833311e+00
8.770273016e+00
8.769733312e+00
8.770619170e+00
8.770127526e+00
8.771030005e+00
8.770103984e+00
8.769467138e+00
8.769949484e+00
8.769407348e+00
8.770335976e+00
8.770472449e+00
8.770404449e+00
8.770232925e+00
8.770438016e+00
8.770910908e+00
8.770300184e+00
8.770402195e+00
8.771380342e+00
8.770363494e+00
8.770167673e+00
8.770726277e+00
8.770187913e+00
8.769703190e+00
8.769932951e+00
8.771447093e+00
8.769462668e+00
8.769240206e+00
8.769750271e+00
8.769877920e+00
8.769545909e+00
8.769733780e+00
8.770821097e+00
8.769664510e+00
8.769560148e+00
8.770059234e+00
8.770260864e+00
8.769657419e+00
8.769954152e+00
8.770446505e+00
8.773233105e+00
8.779278220e+00

[first_drift]
6.880983710e-05
4.291068763e-05
4.216097295e-05
4.678033292e-05
4.309043288e-05
4.282128066e-05
4.210043699e-05
4.288926721e-05
4.324968904e-05
4.313979298e-05
4.300102592e-05
4.300009459e-05
4.277098924e-05
4.317983985e-05
4.286039621e-05
4.298053682e-05
4.295073450e-05
4.322081804e-05
4.280917346e-05
4.232116044e-05
4.268996418e-05
4.306063056e-05
4.294142127e-05
4.286970943e-05
4.289019853e-05
4.290975630e-05
4.282034934e-05
4.290975630e-05
4.281010479e-05
4.287064075e-05
4.622060806e-05
4.308018833e-05
4.279986024e-05
4.286039621e-05
4.297960550e-05
4.285946488e-05
4.670117050e-05
4.301127046e-05
4.283990711e-05
4.218984395e-05
4.268065095e-05
4.282034934e-05
4.306994379e-05
4.292931408e-05
4.693958908e-05
4.274025559e-05
4.288088530e-05
4.286039621e-05
4.285108298e-05
4.295073450e-05

[force]
8.771924608e+00
8.769298946e+00
8.769907322e+00
8.769810213e+00
8.769555968e+00
8.770130076e+00
8.770772292e+00
8.770269168e+00
8.769677441e+00
8.770117285e+00
8.769576229e+00
8.770465109e+00
8.769972082e+00
8.770871185e+00
8.769946453e+00
8.769313376e+00
8.769792710e+00
8.769251605e+00
8.770182216e+00
8.770314946e+00
8.770243956e+00
8.770077834e+00
8.770279494e+00
8.770749678e+00
8.770149482e+00
8.770252504e+00
8.771228830e+00
8.770200353e+00
8.770012433e+00
8.770570226e+00
8.770019582e+00
8.769546629e+00
8.769778811e+00
8.771297421e+00
8.769310027e+00
8.769084625e+00
8.769594099e+00
8.769722179e+00
8.769390948e+00
8.769578089e+00
8.770666117e+00
8.769509508e+00
8.769404668e+00
8.769903881e+00
8.770102203e+00
8.769502558e+00
8.769800090e+00
8.770292615e+00
8.773076303e+00
8.779122708e+00

[kick]
6.947107613e-05
6.818119437e-05
7.097143680e-05
6.743986160e-05
6.921123713e-05
6.843917072e-05
7.103942335e-05
6.998050958e-05
6.891041994e-05
6.938166916e-05
7.093045861e-05
6.786081940e-05
6.941054016e-05
6.606988609e-05
6.726104766e-05
6.759073585e-05
7.015094161e-05
6.934162229e-05
6.823055446e-05
7.210113108e-05
7.439125329e-05
6.869155914e-05
7.211044431e-05
6.846990436e-05
6.462074816e-05
6.379000843e-05
6.563030183e-05
7.722061127e-05
6.914045662e-05
7.081031799e-05
7.866043597e-05
7.013138384e-05
6.848946214e-05
6.338115782e-05
6.752088666e-05
6.941147149e-05
6.627943367e-05
6.942078471e-05
6.909016520e-05
7.013138384e-05
6.997957826e-05
6.951112300e-05
6.914976984e-05
6.914045662e-05
6.853137165e-05
6.859097630e-05
6.802100688e-05
6.765034050e-05
7.105059922e-05
6.949994713e-05

[second_drift]
4.324968904e-05
4.273001105e-05
4.312954843e-05
4.297029227e-05
4.197005183e-05
4.287157208e-05
4.327110946e-05
4.317983985e-05
4.357099533e-05
4.305969924e-05
4.301033914e-05
4.306063056e-05
4.312116653e-05
4.942063242e-05
4.724971950e-05
4.305038601e-05
4.353094846e-05
4.304014146e-05
4.255026579e-05
4.288088530e-05
4.326924682e-05
4.319008440e-05
4.332978278e-05
4.975125194e-05
4.304107279e-05
4.285108298e-05
4.292093217e-05
4.283990711e-05
4.316028208e-05
4.222057760e-05
4.329066724e-05
4.308950156e-05
4.252046347e-05
4.329998046e-05
4.201009870e-05
4.316959530e-05
4.298985004e-05
4.317983985e-05
4.289112985e-05
4.320964217e-05
4.218053073e-05
4.252977669e-05
4.312116653e-05
4.314072430e-05
4.305038601e-05
4.336982965e-05
4.302989691e-05
4.323013127e-05
4.275981337e-05
4.292093217e-05

