[config]
variant=aos-vs-soa/soa
n_particles=50000
n_steps=50
dt=1.000000000e-04
eps=5.000000000e-02
G=1.000000000e+00
mass=1.000000000e+00
max_relative_energy_drift=3.699530700e-07
energy_tolerance=1.000000000e-03

[one-time]
reading_time=1.410881057e-03
writing_time=0.000000000e+00
initial_energy_time=4.039040637e+00

[total_step]
1.915387450e+00
1.915142749e+00
1.914651704e+00
1.915395951e+00
1.914345012e+00
1.913252664e+00
1.914783026e+00
1.913941549e+00
1.914668115e+00
1.914249221e+00
1.915024969e+00
2.271043311e+00
1.914229801e+00
1.916557319e+00
1.917473928e+00
1.915189699e+00
1.916240849e+00
1.915433800e+00
1.915531052e+00
1.915681513e+00
1.914303683e+00
1.913714677e+00
1.915347350e+00
1.915002568e+00
1.915571583e+00
1.914463104e+00
1.914808745e+00
1.914729606e+00
1.913971259e+00
1.916552020e+00
1.916251337e+00
1.915280140e+00
1.915436430e+00
1.916124386e+00
1.917255607e+00
1.942091720e+00
1.934069888e+00
1.927212834e+00
1.918627696e+00
1.915741113e+00
1.915874375e+00
1.915764784e+00
1.913338974e+00
1.915323190e+00
1.915019358e+00
1.917068794e+00
2.271116782e+00
1.914547914e+00
1.914317282e+00
1.914427653e+00

[first_drift]
6.978958845e-05
4.369020462e-05
4.345923662e-05
5.019083619e-05
4.354957491e-05
4.380010068e-05
4.893913865e-05
4.361011088e-05
4.361011088e-05
4.351977259e-05
4.365108907e-05
4.331022501e-05
4.378985614e-05
4.329066724e-05
4.371069372e-05
4.366040230e-05
4.351045936e-05
4.418008029e-05
4.364084452e-05
4.364084452e-05
4.339963198e-05
4.367996007e-05
4.357006401e-05
4.362035543e-05
4.355050623e-05
4.354119301e-05
4.385970533e-05
4.314072430e-05
4.298985004e-05
4.334002733e-05
4.358962178e-05
4.350952804e-05
4.392024130e-05
4.351045936e-05
4.356075078e-05
4.339963198e-05
4.353001714e-05
5.055032670e-05
4.351977259e-05
4.358962178e-05
4.351045936e-05
4.344992340e-05
4.369020462e-05
4.345085472e-05
4.351045936e-05
4.385970533e-05
5.017034709e-05
4.357006401e-05
4.345923662e-05
4.370976239e-05

[force]
1.915208669e+00
1.914986598e+00
1.914497754e+00
1.915234119e+00
1.914188021e+00
1.913097401e+00
1.914624436e+00
1.913786088e+00
1.914512314e+00
1.914094750e+00
1.914870226e+00
2.270888291e+00
1.914075570e+00
1.916405128e+00
1.917318016e+00
1.915033278e+00
1.916086436e+00
1.915279409e+00
1.915376390e+00
1.915521052e+00
1.914149932e+00
1.913555366e+00
1.915192349e+00
1.914848176e+00
1.915417531e+00
1.914308362e+00
1.914655744e+00
1.914544344e+00
1.913816938e+00
1.916394548e+00
1.916097037e+00
1.915117969e+00
1.915280619e+00
1.915970725e+00
1.917102034e+00
1.941937841e+00
1.933923817e+00
1.927060522e+00
1.918472685e+00
1.915586413e+00
1.915720933e+00
1.915611382e+00
1.913184053e+00
1.915168278e+00
1.914862377e+00
1.916915143e+00
2.270948971e+00
1.914395654e+00
1.914162131e+00
1.914274042e+00

[kick]
6.511062384e-05
6.897002459e-05
6.673112512e-05
6.836000830e-05
6.958097219e-05
6.829109043e-05
6.591062993e-05
6.791017950e-05
6.871018559e-05
6.646104157e-05
6.784126163e-05
6.836000830e-05
6.647035480e-05
6.513018161e-05
6.830971688e-05
6.909947842e-05
6.753019989e-05
6.629060954e-05
6.784033030e-05
6.806012243e-05
6.711948663e-05
6.829015911e-05
6.774067879e-05
6.767082959e-05
6.730016321e-05
6.745010614e-05
6.568059325e-05
6.612017751e-05
6.774999201e-05
7.044989616e-05
6.688944995e-05
6.581004709e-05
6.795115769e-05
6.637070328e-05
6.614997983e-05
6.691087037e-05
5.892105401e-05
5.798134953e-05
6.781145930e-05
6.764009595e-05
6.605032831e-05
6.623100489e-05
6.810016930e-05
6.784126163e-05
6.960146129e-05
6.610993296e-05
7.359031588e-05
6.525963545e-05
6.846990436e-05
6.624031812e-05

[second_drift]
4.381034523e-05
4.344061017e-05
4.370976239e-05
4.323106259e-05
4.380010068e-05
4.310999066e-05
4.367996007e-05
4.380010068e-05
4.343036562e-05
4.443060607e-05
4.319939762e-05
4.330091178e-05
4.392024130e-05
4.371162504e-05
4.384107888e-05
4.360079765e-05
4.332046956e-05
4.387088120e-05
4.312023520e-05
4.870072007e-05
4.318077117e-05
4.729069769e-05
4.363059998e-05
4.304945469e-05
4.315003753e-05
4.370044917e-05
4.340987653e-05
7.595121861e-05
4.352070391e-05
4.363153130e-05
4.376098514e-05
5.279108882e-05
4.389043897e-05
4.373025149e-05
4.380941391e-05
4.351977259e-05
4.355981946e-05
4.372000694e-05
4.361942410e-05
4.340987653e-05
4.372093827e-05
4.367064685e-05
4.308018833e-05
4.357006401e-05
4.381965846e-05
4.363153130e-05
4.390068352e-05
4.338100553e-05
4.317145795e-05
4.360079765e-05

