[config]
variant=aos-vs-soa/soa
n_particles=50000
n_steps=50
dt=1.000000000e-04
eps=5.000000000e-02
G=1.000000000e+00
mass=1.000000000e+00
max_relative_energy_drift=3.699530701e-07
energy_tolerance=1.000000000e-03

[one-time]
reading_time=1.479248516e-03
writing_time=0.000000000e+00
initial_energy_time=4.178286131e+00

[total_step]
4.277821994e+00
4.280487040e+00
4.278802840e+00
4.278386048e+00
4.282831375e+00
4.284551625e+00
4.280975073e+00
4.285332241e+00
4.282516662e+00
4.288507770e+00
4.283239287e+00
4.279689354e+00
4.281636767e+00
4.284309284e+00
4.279778115e+00
4.286075105e+00
4.283059946e+00
4.281239685e+00
4.279751936e+00
4.282437262e+00
4.275573370e+00
4.275060507e+00
4.277648323e+00
4.274883186e+00
4.275472100e+00
4.273296896e+00
4.272488091e+00
4.277645303e+00
4.273536047e+00
4.278048425e+00
4.276642268e+00
4.271298919e+00
4.273008174e+00
4.275862794e+00
4.272411641e+00
4.281248990e+00
4.271568795e+00
4.273650879e+00
4.276632828e+00
4.272983404e+00
4.274216373e+00
4.272182229e+00
4.276754380e+00
4.280835567e+00
4.282728789e+00
4.274348764e+00
4.275298330e+00
4.276122705e+00
4.273046074e+00
4.275655403e+00

[first_drift]
1.098411158e-04
8.489936590e-05
8.288118988e-05
8.307117969e-05
8.350983262e-05
8.238945156e-05
8.376035839e-05
8.318014443e-05
8.381996304e-05
8.376128972e-05
8.338131011e-05
8.315034211e-05
8.293054998e-05
8.288025856e-05
8.319038898e-05
8.312985301e-05
8.312985301e-05
8.323043585e-05
8.297991008e-05
8.281040937e-05
9.030941874e-05
8.370168507e-05
8.346047252e-05
8.284952492e-05
8.307024837e-05
8.326023817e-05
9.189080447e-05
8.323974907e-05
8.281040937e-05
8.275080472e-05
8.319132030e-05
8.318107575e-05
8.366070688e-05
8.315034211e-05
8.328072727e-05
8.330028504e-05
8.307024837e-05
8.303020149e-05
8.330028504e-05
8.910056204e-05
9.049102664e-05
8.287001401e-05
8.342973888e-05
8.266977966e-05
9.019952267e-05
8.307024837e-05
8.251145482e-05
8.353032172e-05
8.309073746e-05
8.254032582e-05

[force]
4.277528373e+00
4.280226910e+00
4.278536938e+00
4.278114926e+00
4.282565894e+00
4.284284334e+00
4.280714282e+00
4.285068308e+00
4.282250810e+00
4.288239778e+00
4.282966165e+00
4.279429933e+00
4.281370685e+00
4.284047322e+00
4.279514705e+00
4.285810884e+00
4.282793744e+00
4.280975764e+00
4.279489984e+00
4.282178521e+00
4.275302839e+00
4.274798725e+00
4.277385201e+00
4.274605164e+00
4.275206668e+00
4.273037395e+00
4.272214280e+00
4.277364942e+00
4.273267006e+00
4.277780163e+00
4.276375915e+00
4.271031566e+00
4.272738652e+00
4.275595232e+00
4.272148289e+00
4.280972578e+00
4.271306163e+00
4.273391116e+00
4.276369887e+00
4.272718122e+00
4.273928500e+00
4.271910658e+00
4.276479908e+00
4.280569685e+00
4.282456998e+00
4.274077882e+00
4.275036258e+00
4.275862154e+00
4.272778664e+00
4.275383391e+00

[kick]
9.968969971e-05
9.245052934e-05
1.002205536e-04
9.677931666e-05
9.829085320e-05
1.012207940e-04
9.351130575e-05
9.746104479e-05
9.567104280e-05
1.004412770e-04
9.940098971e-05
9.280070662e-05
1.000007614e-04
9.569060057e-05
9.641982615e-05
9.778980166e-05
9.908061475e-05
9.750016034e-05
9.637139738e-05
9.343028069e-05
9.713135660e-05
9.495019913e-05
9.690038860e-05
1.092804596e-04
9.830016643e-05
9.305123240e-05
9.845010936e-05
1.036301255e-04
1.032110304e-04
9.890086949e-05
1.000510529e-04
1.013912261e-04
1.018512994e-04
1.011407003e-04
9.664054960e-05
1.102015376e-04
9.645055979e-05
9.370129555e-05
9.623076767e-05
9.354017675e-05
1.143412665e-04
1.053903252e-04
1.079104841e-04
1.000212505e-04
9.540095925e-05
9.812042117e-05
9.525008500e-05
9.361095726e-05
9.564030915e-05
1.068403944e-04

[second_drift]
8.375104517e-05
8.273031563e-05
8.274056017e-05
9.093154222e-05
8.362066001e-05
8.362066001e-05
8.345954120e-05
8.323136717e-05
8.613988757e-05
8.373986930e-05
9.029079229e-05
8.341111243e-05
8.310098201e-05
8.334126323e-05
8.374080062e-05
8.320063353e-05
8.378084749e-05
8.314102888e-05
8.254963905e-05
8.246023208e-05
8.302927017e-05
8.308049291e-05
8.270051330e-05
8.563045412e-05
8.400063962e-05
8.314009756e-05
8.309073746e-05
9.344052523e-05
8.297059685e-05
8.650030941e-05
8.304044604e-05
8.272100240e-05
8.379016072e-05
8.322112262e-05
8.321087807e-05
8.285045624e-05
8.301157504e-05
8.297059685e-05
8.334964514e-05
8.259061724e-05
8.299108595e-05
8.326023817e-05
8.309166878e-05
8.314102888e-05
8.613057435e-05
8.963048458e-05
8.425116539e-05
8.331984282e-05
8.863024414e-05
8.259061724e-05

