[config]
variant=aos-vs-soa/soa
n_particles=50000
n_steps=50
dt=1.000000000e-04
eps=5.000000000e-02
G=1.000000000e+00
mass=1.000000000e+00
max_relative_energy_drift=3.699530700e-07
energy_tolerance=1.000000000e-03

[one-time]
reading_time=1.444760710e-03
writing_time=0.000000000e+00
initial_energy_time=4.229182276e+00

[total_step]
2.073839428e+00
1.905491509e+00
1.905450399e+00
1.905662118e+00
1.906734179e+00
1.905760340e+00
1.906486246e+00
1.906359025e+00
1.905811331e+00
1.908030217e+00
1.905605769e+00
1.907225981e+00
1.906527756e+00
1.906323264e+00
1.908283929e+00
1.908143728e+00
1.907918346e+00
1.905677080e+00
1.907756755e+00
1.907488555e+00
1.908020417e+00
1.906318653e+00
1.906614217e+00
1.906923529e+00
1.905963582e+00
1.906818918e+00
1.906406725e+00
1.905655793e+00
1.906573791e+00
1.905242951e+00
1.906915174e+00
1.905107838e+00
1.905622843e+00
1.905367332e+00
2.261830979e+00
1.905516252e+00
1.907277827e+00
1.906027636e+00
1.905543732e+00
1.905527842e+00
1.905430932e+00
1.907166936e+00
1.906307528e+00
1.907694780e+00
1.907081535e+00
1.907832480e+00
1.908542517e+00
1.906776732e+00
1.907219847e+00
1.908186103e+00

[first_drift]
7.382128388e-05
4.521012306e-05
4.547089338e-05
6.048101932e-05
4.529021680e-05
4.543084651e-05
4.523061216e-05
4.506018013e-05
4.957988858e-05
4.523992538e-05
4.520080984e-05
4.514120519e-05
4.514120519e-05
4.538055509e-05
4.516076297e-05
4.516076297e-05
4.510022700e-05
4.505086690e-05
4.513002932e-05
4.502106458e-05
4.498008639e-05
4.527997226e-05
4.498101771e-05
4.568975419e-05
4.518125206e-05
4.512071609e-05
4.482083023e-05
4.508998245e-05
4.519987851e-05
4.525016993e-05
4.525948316e-05
4.548020661e-05
4.521012306e-05
4.506018013e-05
4.517938942e-05
4.532001913e-05
4.494097084e-05
4.473980516e-05
5.263090134e-05
4.508998245e-05
4.533119500e-05
4.511047155e-05
4.536006600e-05
4.538148642e-05
4.515983164e-05
4.522968084e-05
4.490092397e-05
4.529021680e-05
4.540011287e-05
4.523061216e-05

[force]
2.073643116e+00
1.905330908e+00
1.905290139e+00
1.905487048e+00
1.906574346e+00
1.905594660e+00
1.906326285e+00
1.906199934e+00
1.905647280e+00
1.907870606e+00
1.905445888e+00
1.907067529e+00
1.906369864e+00
1.906163363e+00
1.908125877e+00
1.907984965e+00
1.907759765e+00
1.905518918e+00
1.907597356e+00
1.907329672e+00
1.907861985e+00
1.906156583e+00
1.906454955e+00
1.906760758e+00
1.905802790e+00
1.906660487e+00
1.906247644e+00
1.905495942e+00
1.906404840e+00
1.905084579e+00
1.906754683e+00
1.904946947e+00
1.905463272e+00
1.905207240e+00
2.261671798e+00
1.905356321e+00
1.907119225e+00
1.905868745e+00
1.905378181e+00
1.905364521e+00
1.905271710e+00
1.907007265e+00
1.906148147e+00
1.907535127e+00
1.906922314e+00
1.907671950e+00
1.908378226e+00
1.906615891e+00
1.907049905e+00
1.908026383e+00

[kick]
7.027108222e-05
7.080938667e-05
6.926059723e-05
6.981100887e-05
6.946083158e-05
7.472001016e-05
6.934069097e-05
6.898026913e-05
6.922986358e-05
6.914045662e-05
6.973091513e-05
6.813090295e-05
6.757117808e-05
6.909109652e-05
6.788130850e-05
6.835162640e-05
6.771087646e-05
6.821099669e-05
6.883963943e-05
6.859935820e-05
6.862170994e-05
7.161125541e-05
6.920099258e-05
7.120147347e-05
6.979051977e-05
6.836093962e-05
6.910972297e-05
6.921123713e-05
7.865019143e-05
6.798096001e-05
6.999075413e-05
7.012020797e-05
6.958935410e-05
7.014162838e-05
6.879121065e-05
6.944127381e-05
6.816070527e-05
6.891041994e-05
6.785057485e-05
6.722100079e-05
6.873160601e-05
6.943009794e-05
6.906036288e-05
6.892159581e-05
6.861984730e-05
6.968062371e-05
7.441919297e-05
7.057096809e-05
7.931143045e-05
6.917957217e-05

[second_drift]
5.215965211e-05
4.453025758e-05
4.547089338e-05
4.471000284e-05
4.499033093e-05
4.545971751e-05
4.533026367e-05
4.500057548e-05
4.518125206e-05
4.517100751e-05
4.489999264e-05
4.511978477e-05
4.513002932e-05
4.537031054e-05
4.494935274e-05
4.519987851e-05
4.569999874e-05
4.484970123e-05
4.537031054e-05
4.521105438e-05
4.477985203e-05
4.513002932e-05
4.502013326e-05
4.583038390e-05
4.576984793e-05
4.489999264e-05
4.509091377e-05
4.548951983e-05
4.505086690e-05
4.499964416e-05
4.519056529e-05
4.523061216e-05
4.471186548e-05
4.482921213e-05
4.514958709e-05
4.511978477e-05
4.545040429e-05
4.510022700e-05
4.502013326e-05
5.094055086e-05
4.510954022e-05
4.507135600e-05
4.491023719e-05
4.529021680e-05
4.539079964e-05
4.556961358e-05
4.492141306e-05
4.492048174e-05
4.517938942e-05
4.526134580e-05

