[config]
variant=aos-vs-soa/soa
n_particles=50000
n_steps=50
dt=1.000000000e-04
eps=5.000000000e-02
G=1.000000000e+00
mass=1.000000000e+00
max_relative_energy_drift=3.699530700e-07
energy_tolerance=1.000000000e-03

[one-time]
reading_time=1.664591953e-03
writing_time=0.000000000e+00
initial_energy_time=4.039995203e+00

[total_step]
1.908621822e+00
1.906664967e+00
1.906746438e+00
1.906122724e+00
1.905493249e+00
1.906216105e+00
1.907587044e+00
2.037908433e+00
2.130752217e+00
1.905575929e+00
1.905387438e+00
1.907804796e+00
1.905600649e+00
1.906188113e+00
1.906339225e+00
1.905282187e+00
1.907068380e+00
1.905758889e+00
1.905502439e+00
1.907148440e+00
1.905759181e+00
1.907641235e+00
1.907076321e+00
1.905614018e+00
1.906012363e+00
1.906026283e+00
1.905450118e+00
1.907917386e+00
1.906005112e+00
1.906495736e+00
1.906822349e+00
1.905660259e+00
1.907849876e+00
1.906926489e+00
1.905682900e+00
1.906045323e+00
1.906481065e+00
1.905825690e+00
1.908963804e+00
1.907261033e+00
1.907290602e+00
1.906733597e+00
2.263905227e+00
1.907446203e+00
1.907336771e+00
1.907728785e+00
1.906075833e+00
1.906610397e+00
1.907221290e+00
1.906503826e+00

[first_drift]
7.224176079e-05
4.343036562e-05
4.340987653e-05
4.312954843e-05
4.307087511e-05
4.319939762e-05
4.309974611e-05
4.918966442e-05
4.987046123e-05
4.308950156e-05
4.281010479e-05
4.335958511e-05
4.322174937e-05
4.301033914e-05
4.315003753e-05
4.325993359e-05
4.310999066e-05
4.312023520e-05
4.311092198e-05
4.318077117e-05
4.315096885e-05
4.309974611e-05
4.297122359e-05
4.314072430e-05
4.290975630e-05
4.323106259e-05
4.319008440e-05
4.313047975e-05
4.310067743e-05
4.325062037e-05
4.328042269e-05
4.277005792e-05
4.288088530e-05
4.316121340e-05
4.339963198e-05
4.304945469e-05
4.361011088e-05
4.318077117e-05
4.278030246e-05
4.320126027e-05
4.254002124e-05
4.321988672e-05
4.259031266e-05
4.313141108e-05
4.319101572e-05
4.312023520e-05
4.325062037e-05
4.312023520e-05
4.309974611e-05
4.323944449e-05

[force]
1.908437500e+00
1.906509976e+00
1.906592317e+00
1.905967942e+00
1.905339598e+00
1.906060983e+00
1.907434033e+00
2.037741542e+00
2.130591046e+00
1.905421968e+00
1.905232986e+00
1.907649795e+00
1.905444838e+00
1.906033522e+00
1.906185704e+00
1.905129126e+00
1.906913289e+00
1.905606390e+00
1.905347697e+00
1.906991430e+00
1.905600269e+00
1.907488293e+00
1.906922219e+00
1.905459608e+00
1.905858884e+00
1.905870031e+00
1.905296977e+00
1.907761094e+00
1.905850941e+00
1.906338104e+00
1.906661127e+00
1.905505008e+00
1.907694135e+00
1.906773137e+00
1.905526799e+00
1.905892353e+00
1.906327564e+00
1.905669919e+00
1.908808093e+00
1.907105880e+00
1.907135731e+00
1.906578306e+00
2.263751977e+00
1.907292231e+00
1.907184090e+00
1.907575904e+00
1.905920621e+00
1.906456146e+00
1.907066670e+00
1.906349495e+00

[kick]
6.917025894e-05
6.869994104e-05
6.789062172e-05
6.853975356e-05
6.795022637e-05
6.847083569e-05
6.666034460e-05
6.873067468e-05
6.779097021e-05
6.776116788e-05
6.863009185e-05
6.899051368e-05
6.530992687e-05
6.851088256e-05
6.769131869e-05
6.607081741e-05
6.837956607e-05
6.671994925e-05
6.871111691e-05
7.028039545e-05
7.303990424e-05
6.690062582e-05
6.845965981e-05
6.825104356e-05
6.787944585e-05
7.024034858e-05
6.643030792e-05
7.029157132e-05
6.804987788e-05
7.173139602e-05
7.490068674e-05
6.990134716e-05
6.973091513e-05
6.741099060e-05
6.986130029e-05
6.696023047e-05
6.723124534e-05
6.913114339e-05
7.009133697e-05
6.851088256e-05
6.890110672e-05
6.846152246e-05
6.801914424e-05
6.745103747e-05
6.684102118e-05
6.643030792e-05
6.910040975e-05
6.836000830e-05
6.815977395e-05
6.791017950e-05

[second_drift]
4.286039621e-05
4.279054701e-05
4.277005792e-05
4.305038601e-05
4.258006811e-05
4.339963198e-05
4.320126027e-05
4.892051220e-05
4.345923662e-05
4.306063056e-05
4.295166582e-05
4.260055721e-05
4.722084850e-05
4.301965237e-05
4.261918366e-05
4.367064685e-05
4.354119301e-05
4.260987043e-05
4.286970943e-05
4.349928349e-05
4.266109318e-05
4.287995398e-05
4.260987043e-05
4.296004772e-05
4.264060408e-05
4.273094237e-05
4.346109927e-05
4.281941801e-05
4.296936095e-05
4.259962589e-05
4.299078137e-05
4.252977669e-05
4.307925701e-05
4.274025559e-05
4.278961569e-05
4.291068763e-05
4.260987043e-05
4.340987653e-05
4.277937114e-05
4.338938743e-05
4.338007420e-05
4.355981946e-05
4.258006811e-05
4.334002733e-05
4.259031266e-05
4.328042269e-05
4.281103611e-05
4.272069782e-05
4.331115633e-05
4.313141108e-05

