[config]
variant=rsqrt-newton3rd
n_particles=50000
n_steps=50
dt=1.000000000e-04
eps=5.000000000e-02
G=1.000000000e+00
mass=1.000000000e+00
max_relative_energy_drift=0.000000000e+00
energy_tolerance=1.000000000e-03

[one-time]
reading_time=1.412746002e-03
writing_time=0.000000000e+00
initial_energy_time=4.033260316e+00
total_run_time=5.431920794e+01

[total_step]
9.269509160e-01
9.247972530e-01
9.251067060e-01
9.250858160e-01
9.251251370e-01
9.249259040e-01
9.251097360e-01
9.247467130e-01
9.250548860e-01
9.248274530e-01
9.250329960e-01
9.248923540e-01
9.248267230e-01
9.252420380e-01
9.247825920e-01
9.250965870e-01
9.252514370e-01
9.250810860e-01
9.250617050e-01
9.249667750e-01
9.250504060e-01
9.247810730e-01
9.252498670e-01
9.248577340e-01
9.254157910e-01
9.247421420e-01
9.252155770e-01
9.250656760e-01
9.250991660e-01
9.248826940e-01
9.249573850e-01
9.249919650e-01
9.249786150e-01
9.249928450e-01
9.248210130e-01
9.249647050e-01
9.250546760e-01
9.249918350e-01
9.249677450e-01
9.251446070e-01
9.247700230e-01
9.250770360e-01
9.249990350e-01
9.249634550e-01
9.250385450e-01
9.248276630e-01
9.251059960e-01
9.248945940e-01
9.248817640e-01
9.248620940e-01

[first_drift]
7.198099047e-05
4.340001033e-05
4.335999256e-05
4.332099343e-05
4.385999637e-05
4.372998956e-05
4.333100514e-05
4.333100514e-05
4.335000995e-05
4.332998651e-05
4.328999785e-05
4.325999180e-05
4.340001033e-05
4.360100138e-05
4.362000618e-05
4.362099571e-05
4.346101196e-05
4.349098890e-05
4.343999899e-05
4.373100819e-05
4.349098890e-05
4.340001033e-05
4.337000428e-05
4.351101234e-05
4.344998160e-05
4.352998803e-05
4.387999070e-05
4.340099986e-05
4.342000466e-05
4.365100176e-05
4.336002166e-05
4.331002128e-05
4.340001033e-05
4.335000995e-05
4.353999975e-05
4.338097642e-05
4.339101724e-05
4.332000390e-05
4.337000428e-05
4.345999332e-05
4.347000504e-05
4.347000504e-05
4.343999899e-05
4.334101686e-05
4.338999861e-05
4.333999823e-05
4.343001638e-05
4.340099986e-05
4.326101043e-05
4.378097947e-05

[force]
9.267508930e-01
9.246253510e-01
9.249346650e-01
9.249158040e-01
9.249506350e-01
9.247572730e-01
9.249373940e-01
9.245782910e-01
9.248826640e-01
9.246567420e-01
9.248630640e-01
9.247228120e-01
9.246495620e-01
9.250742060e-01
9.246098810e-01
9.249299340e-01
9.250866860e-01
9.249113440e-01
9.248920240e-01
9.247938730e-01
9.248820440e-01
9.246075710e-01
9.250801060e-01
9.246908020e-01
9.252497290e-01
9.245686000e-01
9.250403460e-01
9.248940440e-01
9.249207150e-01
9.247116620e-01
9.247837830e-01
9.248214240e-01
9.248049540e-01
9.248215640e-01
9.246535520e-01
9.247972630e-01
9.248824930e-01
9.248200240e-01
9.247987130e-01
9.249773550e-01
9.245974610e-01
9.249093950e-01
9.248288740e-01
9.247911330e-01
9.248695740e-01
9.246577120e-01
9.249380350e-01
9.247244420e-01
9.247103220e-01
9.246917720e-01

[kick]
6.440098514e-05
6.319099339e-05
6.406998727e-05
6.347999442e-05
6.487098290e-05
6.337999366e-05
6.534100976e-05
6.374999066e-05
6.551100523e-05
6.286002463e-05
6.458099233e-05
6.396099343e-05
6.824999582e-05
6.434999523e-05
6.923099863e-05
6.388101610e-05
6.542098708e-05
6.479100557e-05
6.544098142e-05
6.494100671e-05
6.338997628e-05
6.503102486e-05
6.472101086e-05
6.376998499e-05
6.640100037e-05
6.391099305e-05
6.523000775e-05
6.508998922e-05
6.538000889e-05
6.379999104e-05
6.554098218e-05
6.307000876e-05
6.436998956e-05
6.468000356e-05
6.359000690e-05
6.482997560e-05
6.449100329e-05
6.339000538e-05
6.288100849e-05
6.376102101e-05
6.448000204e-05
6.457002019e-05
6.493099499e-05
6.446000771e-05
6.640100037e-05
6.369000766e-05
6.334099453e-05
6.418098928e-05
6.535099237e-05
6.372001371e-05

[second_drift]
6.359102554e-05
6.525099161e-05
6.451099762e-05
6.310100434e-05
6.572101847e-05
6.146100350e-05
6.361000123e-05
6.123099593e-05
6.330100587e-05
6.445098552e-05
6.201100769e-05
6.227102131e-05
6.540099275e-05
5.983098526e-05
5.981000140e-05
5.907999002e-05
5.580001744e-05
6.139997276e-05
6.074999692e-05
6.404001033e-05
6.143099745e-05
6.501100142e-05
6.161999772e-05
5.959099508e-05
5.616000271e-05
6.604101509e-05
6.606100942e-05
6.309102173e-05
6.959098391e-05
6.348101306e-05
6.459100405e-05
6.406099419e-05
6.584098446e-05
6.319099339e-05
6.022100570e-05
5.918100942e-05
6.420101272e-05
6.504100747e-05
6.272099563e-05
5.997999688e-05
6.454097456e-05
5.954099470e-05
6.173999282e-05
6.446099724e-05
5.907099694e-05
6.287099677e-05
6.113998825e-05
6.251002196e-05
6.270999438e-05
6.271098391e-05

[papi_cycles]
3967284823
3960424825
3960947934
3961621522
3961388558
3961203548
3961429765
3960455636
3961626080
3960806201
3961579204
3960738890
3961072445
3961941932
3960799036
3961546348
3961781456
3961300853
3962113870
3961610839
3961424665
3960992247
3962349158
3961220045
3961100981
3960733884
3961606159
3961865911
3961311302
3961019797
3960719856
3961515417
3961854598
3960852421
3961393859
3960925008
3962057300
3960947791
3961332348
3961621631
3960830713
3961919598
3961573950
3961515404
3961465437
3961305001
3961780738
3961575352
3961144119
3961475822

[papi_instructions]
5476610461
5476608791
5476608791
5476608792
5476608791
5476608795
5476608791
5476608791
5476608790
5476608791
5476608793
5476608793
5476608790
5476608791
5476608790
5476608791
5476608794
5476608792
5476608791
5476608792
5476608794
5476608789
5476608791
5476608791
5476608792
5476608791
5476608791
5476608791
5476608791
5476608793
5476608793
5476608791
5476608791
5476608793
5476608789
5476608791
5476608791
5476608792
5476608791
5476608793
5476608791
5476608791
5476608792
5476608791
5476608791
5476608791
5476608793
5476608790
5476608790
5476608793

[papi_l1_dcm]
957199010
957213530
957215329
957206176
957220360
957192910
957192780
957179544
957196543
957227742
957212722
957208529
957203555
957196822
957218680
957193727
957179236
957193869
957211274
957194920
957201519
957222881
957181835
957211964
957205919
957195228
957183935
957195971
957228710
957182562
957208097
957197700
957181755
957218776
957188008
957197139
957183322
957189968
957208639
957214614
957231082
957198696
957200242
957214060
957194842
957220781
957192728
957204992
957202873
957214400

[papi_l2_dcm]
13089904
13028359
13088563
13082374
13087867
13003010
13034507
13008380
13023024
13011386
13037117
13046994
13021243
13071996
13001386
13079345
13042364
13053189
13044097
13043838
13024110
13033249
13055148
13011833
13062571
13012307
13075652
13041481
13071325
13047055
13058902
13013414
13067046
13027104
13033958
13043638
13036102
13060348
13051936
13062426
13029918
13035935
13046266
13022926
13011873
13034111
13055800
13040559
13031180
13062756

