[config]
variant=rsqrt-newton3rd
n_particles=50000
n_steps=50
dt=1.000000000e-04
eps=5.000000000e-02
G=1.000000000e+00
mass=1.000000000e+00
max_relative_energy_drift=8.143315727e-05
energy_tolerance=1.000000000e-03

[one-time]
reading_time=1.465294015e-03
writing_time=0.000000000e+00
initial_energy_time=4.037654486e+00
total_run_time=4.762278564e+01

[total_step]
7.910522970e-01
7.898335770e-01
7.896129340e-01
7.892026400e-01
7.894533330e-01
7.911316990e-01
7.893589120e-01
7.892623720e-01
7.892930310e-01
7.906120940e-01
7.910834480e-01
7.897588650e-01
7.902802210e-01
7.899649980e-01
7.908986060e-01
7.905581540e-01
7.901788890e-01
7.904170620e-01
7.938187720e-01
7.943515380e-01
7.935028900e-01
7.897772360e-01
7.891638510e-01
7.905677430e-01
7.897539460e-01
7.891001090e-01
7.890555900e-01
7.894575230e-01
7.915529620e-01
7.902266110e-01
7.900983680e-01
7.899572180e-01
7.931359170e-01
7.958524410e-01
7.959687020e-01
7.911852980e-01
7.911579390e-01
7.905016930e-01
7.909367360e-01
7.897246860e-01
7.899861070e-01
7.896485450e-01
7.910146170e-01
7.893001320e-01
7.891555710e-01
7.895284640e-01
7.890833200e-01
7.903923810e-01
7.891219200e-01
7.893175220e-01

[first_drift]
7.188000018e-05
4.386101500e-05
4.379998427e-05
4.379998427e-05
4.393100971e-05
4.401098704e-05
4.391997936e-05
4.367000656e-05
4.369000089e-05
4.373097909e-05
4.387999070e-05
4.377998994e-05
4.375100252e-05
4.380100290e-05
4.415999865e-05
4.365999484e-05
4.395100405e-05
4.359998275e-05
4.385999637e-05
4.431101843e-05
4.438101314e-05
4.390100366e-05
4.836998414e-05
4.357000580e-05
4.394000280e-05
4.384000204e-05
4.360100138e-05
4.384000204e-05
4.363097833e-05
4.363100743e-05
4.384000204e-05
4.828101373e-05
4.380100290e-05
4.394102143e-05
4.415999865e-05
4.405100481e-05
4.404000356e-05
4.382999032e-05
4.415999865e-05
4.383001942e-05
4.389998503e-05
4.389099195e-05
4.409998655e-05
4.364000051e-05
4.359000013e-05
4.365100176e-05
4.373001866e-05
4.397099838e-05
4.372998956e-05
4.370100214e-05

[force]
7.908620160e-01
7.896651550e-01
7.894459430e-01
7.890387090e-01
7.892840110e-01
7.909660370e-01
7.891938310e-01
7.890917600e-01
7.891223500e-01
7.904024110e-01
7.909256770e-01
7.895887840e-01
7.901134590e-01
7.897995560e-01
7.907339850e-01
7.903893320e-01
7.900032680e-01
7.902535810e-01
7.936531310e-01
7.941820060e-01
7.933367780e-01
7.896122940e-01
7.889932700e-01
7.903914310e-01
7.895871750e-01
7.889202480e-01
7.888854280e-01
7.892831720e-01
7.913866600e-01
7.900565890e-01
7.899238670e-01
7.897780660e-01
7.929524750e-01
7.956785490e-01
7.958000010e-01
7.910024170e-01
7.909924880e-01
7.903298610e-01
7.907680150e-01
7.895490340e-01
7.898162360e-01
7.894540530e-01
7.908411560e-01
7.891318000e-01
7.889828290e-01
7.893538710e-01
7.888993980e-01
7.902224400e-01
7.889502690e-01
7.891303100e-01

[kick]
5.737101310e-05
5.805998808e-05
6.415098323e-05
5.816100747e-05
6.064100307e-05
6.084999768e-05
5.771001452e-05
6.225099787e-05
6.365100853e-05
1.010409906e-04
5.732002319e-05
6.290100282e-05
6.045098417e-05
6.010002107e-05
6.286098505e-05
5.956098903e-05
6.831000792e-05
6.054999540e-05
5.902099656e-05
6.474100519e-05
6.253100582e-05
5.833999603e-05
6.078000297e-05
6.546100485e-05
6.021000445e-05
6.852101069e-05
6.299102097e-05
6.482101162e-05
5.779098137e-05
6.478000432e-05
6.452100934e-05
6.445101462e-05
6.648999988e-05
6.412001676e-05
6.496100104e-05
6.561001646e-05
5.899998359e-05
6.183100049e-05
5.936998059e-05
6.573100109e-05
6.436099648e-05
6.775098154e-05
6.284000119e-05
6.029100041e-05
6.446000771e-05
6.575099542e-05
7.173098857e-05
6.357999519e-05
6.614101585e-05
6.738002412e-05

[second_drift]
6.096999277e-05
6.642099470e-05
5.899099051e-05
6.192098954e-05
6.468998617e-05
6.075098645e-05
6.334099453e-05
6.459999713e-05
6.315999781e-05
6.486100028e-05
5.652097752e-05
6.328997551e-05
6.244002725e-05
6.148099783e-05
5.755000166e-05
6.555000436e-05
6.330100587e-05
5.922099808e-05
6.265001139e-05
6.037001731e-05
5.899000098e-05
6.265100092e-05
6.132101407e-05
6.721098907e-05
6.255100016e-05
6.743997801e-05
6.351998309e-05
6.557998131e-05
6.483000470e-05
6.156097515e-05
6.605099770e-05
6.637000479e-05
7.309098146e-05
6.571100676e-05
5.952001084e-05
7.311100489e-05
6.229101564e-05
6.603100337e-05
6.513102562e-05
6.603100337e-05
6.151999696e-05
8.279099711e-05
6.639101775e-05
6.434100214e-05
6.463099271e-05
6.513099652e-05
6.834999658e-05
6.229101564e-05
6.171999848e-05
7.608099259e-05

[papi_cycles]
3372108806
3371210959
3371725507
3371804060
3370210908
3372188882
3372408188
3371645938
3372559944
3372785539
3370851006
3371626607
3372287086
3372004182
3370864458
3373024642
3373696054
3372513921
3372336553
3372350640
3371936067
3373535568
3372121836
3372177312
3372826923
3372074769
3371785486
3370202741
3372330179
3371526695
3371958575
3372494898
3370294814
3373036811
3371422258
3370379501
3372252219
3371255177
3371098652
3372127359
3372609713
3371625917
3371209867
3372395954
3372763615
3374303862
3371955653
3371940235
3371576815
3372638221

[papi_instructions]
4382235335
4382233669
4382233666
4382233669
4382233670
4382233670
4382233669
4382233668
4382233669
4382233670
4382233670
4382233667
4382233669
4382233670
4382233670
4382233669
4382233667
4382233671
4382233674
4382233673
4382233674
4382233666
4382233668
4382233670
4382233669
4382233668
4382233666
4382233668
4382233671
4382233671
4382233667
4382233668
4382233672
4382233675
4382233675
4382233670
4382233671
4382233669
4382233671
4382233669
4382233669
4382233668
4382233669
4382233669
4382233668
4382233666
4382233667
4382233669
4382233669
4382233666

[papi_l1_dcm]
952649322
952619376
952638038
952636748
952589588
952642723
952643216
952624213
952644786
952649844
952590004
952614911
952655663
952625862
952647855
952640170
952642033
952648793
952638575
952623383
952632256
952654298
952637998
952629879
952627376
952631690
952655988
952634019
952676561
952647566
952638532
952616942
952558098
952674724
952621396
952603044
952643326
952615583
952646856
952649793
952582631
952646672
952595103
952649918
952643820
952642467
952631206
952641674
952646844
952651626

[papi_l2_dcm]
24843579
24804810
24978873
24889559
24873323
24898852
24970261
24873301
24861760
24946367
24938790
24818779
24903443
24953538
24872358
24948866
25026058
24962109
24876159
24910195
24870343
25003046
24913617
24848876
24981948
24905249
24853734
24702262
24872754
24806648
24842754
24949443
24857657
25088510
24968010
24906084
24985558
24969004
24881925
24916358
25005213
24938710
24893598
24923038
24916462
25100414
24996912
24852950
24834601
24923103

