[config]
variant=rsqrt-newton3rd
n_particles=50000
n_steps=50
dt=1.000000000e-04
eps=5.000000000e-02
G=1.000000000e+00
mass=1.000000000e+00
max_relative_energy_drift=8.143315727e-05
energy_tolerance=1.000000000e-03

[one-time]
reading_time=1.375741995e-03
writing_time=0.000000000e+00
initial_energy_time=4.034362467e+00
total_run_time=4.382972756e+01

[total_step]
7.161157080e-01
7.151479680e-01
7.151355380e-01
7.147829950e-01
7.147940240e-01
7.148963460e-01
7.146724740e-01
7.145118620e-01
7.149751060e-01
7.145735230e-01
7.146012630e-01
7.148457360e-01
7.146531740e-01
7.145106320e-01
7.147144740e-01
7.149575760e-01
7.147497140e-01
7.145322130e-01
7.148245950e-01
7.146849740e-01
7.146759330e-01
7.143709410e-01
7.148204550e-01
7.142471500e-01
7.148843550e-01
7.146974930e-01
7.149286060e-01
7.149173360e-01
7.145552430e-01
7.145246520e-01
7.143872210e-01
7.147763850e-01
7.144762010e-01
7.150544580e-01
7.143470110e-01
7.157934240e-01
7.153334000e-01
7.148258050e-01
7.150377270e-01
7.149309360e-01
7.174516690e-01
7.197939500e-01
7.162274470e-01
7.157415940e-01
7.152888990e-01
7.148671860e-01
7.150838770e-01
7.149594260e-01
7.153455600e-01
7.150580270e-01

[first_drift]
9.445101023e-05
5.073100328e-05
4.358097794e-05
4.374101991e-05
4.382000770e-05
4.364099004e-05
4.355001147e-05
4.356997670e-05
4.366002395e-05
4.356101272e-05
4.400001490e-05
4.405001528e-05
4.368097871e-05
4.364998313e-05
4.369000089e-05
4.358001752e-05
4.370999523e-05
4.396101576e-05
4.362000618e-05
4.379000165e-05
4.365001223e-05
4.355100100e-05
4.397999146e-05
4.356101272e-05
4.357998841e-05
4.375999561e-05
4.391098628e-05
4.357099533e-05
4.365999484e-05
4.362000618e-05
4.369000089e-05
4.356997670e-05
4.384998465e-05
4.365100176e-05
4.372000694e-05
4.368001828e-05
4.394099233e-05
4.370999523e-05
4.372000694e-05
4.395999713e-05
4.359000013e-05
4.419000470e-05
4.390001413e-05
4.423101200e-05
4.410100519e-05
4.360100138e-05
4.365001223e-05
4.384000204e-05
4.362998880e-05
4.363097833e-05

[force]
7.158729950e-01
7.149493560e-01
7.149460560e-01
7.145870120e-01
7.146051930e-01
7.147064140e-01
7.144906430e-01
7.143192010e-01
7.147883050e-01
7.143921310e-01
7.144038320e-01
7.146643840e-01
7.144615510e-01
7.143161810e-01
7.145299530e-01
7.147646450e-01
7.145588430e-01
7.143341310e-01
7.146409040e-01
7.144982220e-01
7.144865620e-01
7.141887790e-01
7.146312840e-01
7.140627380e-01
7.146938940e-01
7.145134920e-01
7.147458840e-01
7.147209640e-01
7.143611920e-01
7.143323210e-01
7.141952600e-01
7.145783430e-01
7.142876800e-01
7.148650660e-01
7.141671590e-01
7.155243210e-01
7.151434970e-01
7.146383030e-01
7.148528950e-01
7.147306350e-01
7.172583570e-01
7.196088790e-01
7.160429660e-01
7.155524020e-01
7.151006770e-01
7.146767730e-01
7.148988760e-01
7.147748450e-01
7.151599590e-01
7.148715550e-01

[kick]
8.358099149e-05
8.485099534e-05
8.151101065e-05
8.463099948e-05
7.937100600e-05
8.525000885e-05
7.609999739e-05
8.888999582e-05
7.858098252e-05
7.743001333e-05
8.963001892e-05
8.152099326e-05
8.497099043e-05
9.024000610e-05
7.946998812e-05
8.607102791e-05
8.434100891e-05
8.378000348e-05
7.829000242e-05
7.921099314e-05
8.342100773e-05
7.484000525e-05
8.235100540e-05
7.601999096e-05
8.345101378e-05
7.584100240e-05
7.888101391e-05
8.990999777e-05
8.539998089e-05
8.451100439e-05
8.453000919e-05
8.347100811e-05
8.230100502e-05
8.396999328e-05
7.557100616e-05
9.757099906e-05
8.310101111e-05
8.274099673e-05
8.220100426e-05
8.515000809e-05
8.393099415e-05
7.780999294e-05
7.859099424e-05
8.480099496e-05
8.099101251e-05
8.469098248e-05
8.078000974e-05
8.306102245e-05
7.997098146e-05
8.265100769e-05

[second_drift]
6.463000318e-05
6.297000800e-05
6.432997179e-05
6.749099703e-05
6.541999755e-05
6.091099931e-05
6.212102016e-05
6.013101665e-05
6.450002547e-05
6.031099474e-05
6.374099758e-05
5.572100054e-05
6.292099715e-05
6.050101365e-05
6.130099064e-05
6.321998080e-05
6.277000648e-05
7.028100663e-05
6.164101069e-05
6.370100891e-05
6.223999662e-05
6.371099153e-05
6.279000081e-05
6.478102296e-05
6.338101230e-05
6.434999523e-05
5.987999612e-05
6.283100811e-05
6.488102372e-05
6.414999370e-05
6.369099719e-05
7.094099419e-05
6.232000305e-05
6.164101069e-05
6.046998897e-05
1.277910196e-04
6.281098467e-05
6.100098835e-05
5.885100109e-05
7.113101310e-05
6.573100109e-05
6.298100925e-05
6.192000001e-05
6.009999197e-05
6.302999100e-05
6.206100807e-05
6.051099626e-05
5.755998427e-05
6.186999963e-05
6.009999197e-05

[papi_cycles]
3058036987
3057703094
3057151279
3057503938
3057377172
3057685397
3057557773
3055669604
3058077828
3056264264
3056273876
3057463451
3057427610
3056572396
3056931438
3058572067
3057025805
3056762308
3057966405
3057334440
3056693110
3056317485
3057943459
3055335200
3057615060
3056538793
3058389753
3058721560
3056712836
3057292730
3056188668
3057635458
3056779209
3059348441
3056424653
3057147459
3057284509
3056482718
3057941976
3057005105
3057033276
3058717279
3057875078
3058325189
3058369975
3056491927
3057565991
3057435913
3058376409
3056810209

[papi_instructions]
4382235260
4382233591
4382233594
4382233604
4382233595
4382233592
4382233594
4382233593
4382233592
4382233595
4382233593
4382233593
4382233592
4382233593
4382233594
4382233592
4382233594
4382233595
4382233593
4382233592
4382233595
4382233593
4382233593
4382233593
4382233594
4382233595
4382233593
4382233593
4382233593
4382233594
4382233593
4382233595
4382233593
4382233592
4382233594
4382233602
4382233592
4382233595
4382233594
4382233595
4382233594
4382233599
4382233609
4382233596
4382233594
4382233594
4382233594
4382233592
4382233595
4382233595

[papi_l1_dcm]
969574296
969573101
969550073
969565385
969573045
969582036
969528842
969514629
969567517
969537504
969561724
969512100
969568749
969528177
969516820
969549249
969546805
969525933
969575603
969528780
969596234
969529811
969535493
969560501
969601321
969524141
969569076
969526066
969522110
969549983
969577147
969565687
969550809
969575391
969554070
969528802
969545532
969528518
969577015
969553545
969568383
969553820
969532696
969596366
969560247
969541253
969533651
969505503
969529062
969525992

[papi_l2_dcm]
25648016
25606889
25661057
25582765
25658841
25704232
25647541
25523708
25670009
25522765
25548395
25740548
25596132
25564294
25693637
25753959
25608674
25639666
25686115
25670692
25616956
25550598
25733321
25444106
25678925
25618429
25691569
25812182
25668719
25631284
25636451
25750277
25576071
25842869
25620531
25639116
25478275
25560198
25650366
25598126
25662449
25683447
25580084
25586324
25702663
25611213
25542529
25690827
25653840
25508445

