[config]
variant=rsqrt-newton3rd
n_particles=50000
n_steps=50
dt=1.000000000e-04
eps=5.000000000e-02
G=1.000000000e+00
mass=1.000000000e+00
max_relative_energy_drift=0.000000000e+00
energy_tolerance=1.000000000e-03

[one-time]
reading_time=1.400194014e-03
writing_time=0.000000000e+00
initial_energy_time=4.025062790e+00
total_run_time=5.023857322e+01

[total_step]
8.445026240e-01
8.436453040e-01
8.434810930e-01
8.435197930e-01
8.435297940e-01
8.436285840e-01
8.437370150e-01
8.438060870e-01
8.437465650e-01
8.437482560e-01
8.436482950e-01
8.436082340e-01
8.435737240e-01
8.437537450e-01
8.434764630e-01
8.437261560e-01
8.435592330e-01
8.436261240e-01
8.437575560e-01
8.436490650e-01
8.436854650e-01
8.435984540e-01
8.436353140e-01
8.436019740e-01
8.436504350e-01
8.439354780e-01
8.436120940e-01
8.437567350e-01
8.437302660e-01
8.437314960e-01
8.435083630e-01
8.436669750e-01
8.437873760e-01
8.441463000e-01
8.435277330e-01
8.438615960e-01
8.435875940e-01
8.435761530e-01
8.438912070e-01
8.435019930e-01
8.438059770e-01
8.437135150e-01
8.436996150e-01
8.435056930e-01
8.435875940e-01
8.435781740e-01
8.435619640e-01
8.441674900e-01
8.436256940e-01
8.435310830e-01

[first_drift]
7.515097968e-05
4.367000656e-05
4.347099457e-05
4.349998198e-05
4.385100328e-05
4.353001714e-05
4.364998313e-05
4.355001147e-05
4.382999032e-05
4.358097794e-05
4.360999446e-05
4.770001397e-05
4.353999975e-05
4.375001299e-05
4.384099157e-05
4.384099157e-05
4.357000580e-05
4.369099042e-05
4.415100557e-05
4.381098552e-05
4.405999789e-05
4.356002319e-05
4.360999446e-05
4.357102443e-05
4.356101272e-05
4.357000580e-05
4.378001904e-05
4.360999446e-05
4.352102405e-05
4.350999370e-05
4.350999370e-05
4.353100667e-05
4.375097342e-05
4.390100366e-05
4.390100366e-05
4.410001566e-05
4.358100705e-05
4.354098928e-05
4.363100743e-05
4.347099457e-05
4.376098514e-05
4.382000770e-05
4.365999484e-05
4.348999937e-05
4.353100667e-05
4.359998275e-05
4.362000618e-05
4.362000618e-05
4.357000580e-05
4.823101335e-05

[force]
8.442999610e-01
8.434749030e-01
8.433101910e-01
8.433473620e-01
8.433549410e-01
8.434559230e-01
8.435620140e-01
8.436363350e-01
8.435753540e-01
8.435766640e-01
8.434785830e-01
8.434296720e-01
8.434072020e-01
8.435846040e-01
8.433020210e-01
8.435484030e-01
8.433887120e-01
8.434506520e-01
8.435780440e-01
8.434759520e-01
8.435134130e-01
8.434222920e-01
8.434639730e-01
8.434313620e-01
8.434783030e-01
8.437615860e-01
8.434430830e-01
8.435876540e-01
8.435560130e-01
8.435614740e-01
8.433357410e-01
8.434989530e-01
8.436175240e-01
8.439762280e-01
8.433548410e-01
8.436915550e-01
8.434179120e-01
8.434064620e-01
8.437167850e-01
8.433292610e-01
8.436323440e-01
8.435401340e-01
8.435292940e-01
8.433333020e-01
8.434164520e-01
8.434081730e-01
8.433896620e-01
8.439965480e-01
8.434535330e-01
8.433524210e-01

[kick]
6.425101310e-05
6.498998846e-05
6.335999933e-05
6.490101805e-05
6.598100299e-05
6.444999599e-05
6.476099952e-05
6.394999218e-05
6.583100185e-05
6.545000360e-05
6.477098214e-05
6.532101543e-05
6.430101348e-05
6.414100062e-05
6.434999523e-05
6.868099445e-05
6.486999337e-05
6.525102071e-05
7.138101500e-05
6.473099347e-05
6.487101200e-05
6.393101648e-05
6.410098285e-05
6.584101357e-05
6.463000318e-05
6.486100028e-05
6.464999751e-05
6.400101120e-05
6.520099123e-05
6.432100781e-05
6.398098776e-05
6.388098700e-05
6.421099533e-05
6.577101885e-05
6.551097613e-05
6.495098933e-05
6.413098890e-05
6.439097342e-05
6.579101318e-05
6.606100942e-05
6.428099005e-05
6.461999146e-05
6.429001223e-05
6.474001566e-05
6.416998804e-05
6.458000280e-05
6.453099195e-05
6.443099119e-05
6.511999527e-05
6.528099766e-05

[second_drift]
6.320100510e-05
6.169101107e-05
6.401099381e-05
6.391998613e-05
6.491100066e-05
6.463099271e-05
6.654098979e-05
6.215102621e-05
6.149002002e-05
6.251098239e-05
6.122101331e-05
6.549098180e-05
5.858100485e-05
6.120000035e-05
6.620099884e-05
6.518099690e-05
6.203100202e-05
6.647998816e-05
6.392999785e-05
6.451099762e-05
6.307099829e-05
6.861099973e-05
6.352999480e-05
6.114999996e-05
6.389099872e-05
6.539101014e-05
6.048099021e-05
6.141999620e-05
6.545102224e-05
6.214098539e-05
6.508000661e-05
6.055002450e-05
6.183999358e-05
6.034999387e-05
6.343101268e-05
6.094001583e-05
6.192101864e-05
6.169002154e-05
6.492997636e-05
6.314000348e-05
6.549101090e-05
6.488099461e-05
6.232099258e-05
6.410101196e-05
6.339099491e-05
6.172098801e-05
6.410101196e-05
6.283100811e-05
6.341101835e-05
6.510000094e-05

[papi_cycles]
3614694597
3612779442
3612292189
3612188341
3612844818
3612869043
3613254286
3613333093
3613075042
3613332516
3612726164
3613134836
3612766574
3612770553
3612007623
3612674419
3612519325
3613372702
3613379690
3612661358
3613029072
3612600576
3612614414
3612576083
3613094023
3612965538
3612616927
3613000981
3613125310
3613049305
3612229771
3613048555
3613219437
3612734644
3612620557
3613211204
3613218674
3612451326
3613675641
3612043202
3613028450
3613335652
3612792218
3612615844
3612613960
3612664949
3612792810
3612596736
3612656875
3612144404

[papi_instructions]
5476610379
5476608710
5476608709
5476608710
5476608709
5476608709
5476608709
5476608709
5476608710
5476608710
5476608712
5476608709
5476608708
5476608709
5476608710
5476608710
5476608709
5476608710
5476608707
5476608711
5476608710
5476608712
5476608709
5476608710
5476608710
5476608710
5476608710
5476608710
5476608709
5476608711
5476608710
5476608709
5476608710
5476608713
5476608710
5476608710
5476608709
5476608708
5476608711
5476608709
5476608710
5476608710
5476608711
5476608711
5476608707
5476608709
5476608710
5476608676
5476608710
5476608709

[papi_l1_dcm]
956014086
956044536
956029666
956034190
956039853
956024452
956050222
956036197
956020233
956042580
956020947
956030965
956048101
956017426
956020746
956034410
956015524
956023801
956010916
956024667
956038067
956038078
956042877
956018116
956029975
956024729
956015159
956022817
956027434
956020124
956023444
956017457
956017432
956036188
956025852
956026907
956036701
956020286
956033135
956030009
956028595
956030909
956035419
956036832
956022505
956019443
956021727
956015563
956034757
956033195

[papi_l2_dcm]
14470785
14393839
14381977
14390246
14355068
14385238
14343442
14341448
14361340
14429070
14341587
14327241
14379666
14318721
14335897
14330461
14348023
14339623
14334290
14360226
14338897
14345082
14373959
14372831
14362897
14315990
14382891
14362309
14342858
14332071
14345907
14333074
14350003
14347975
14377342
14381362
14413929
14366083
14361538
14323775
14324187
14405280
14332395
14344339
14381314
14338329
14324678
14386006
14361127
14363238

