[config]
variant=rsqrt-newton3rd
n_particles=50000
n_steps=50
dt=1.000000000e-04
eps=5.000000000e-02
G=1.000000000e+00
mass=1.000000000e+00
max_relative_energy_drift=0.000000000e+00
energy_tolerance=1.000000000e-03

[one-time]
reading_time=1.437704981e-03
writing_time=0.000000000e+00
initial_energy_time=4.031335226e+00
total_run_time=4.947342972e+01

[total_step]
8.294373540e-01
8.282273310e-01
8.282216210e-01
8.284239730e-01
8.287480070e-01
8.282738420e-01
8.281653800e-01
8.282682930e-01
8.283555630e-01
8.282562520e-01
8.283852930e-01
8.283527530e-01
8.280870400e-01
8.283679830e-01
8.285329540e-01
8.282366620e-01
8.282126010e-01
8.281792810e-01
8.279757490e-01
8.283217220e-01
8.282897820e-01
8.283931840e-01
8.280735600e-01
8.281652500e-01
8.281841610e-01
8.281824510e-01
8.282534020e-01
8.281232600e-01
8.282623710e-01
8.278849680e-01
8.281552510e-01
8.280819300e-01
8.282484210e-01
8.283083020e-01
8.280354290e-01
8.282289720e-01
8.281514900e-01
8.282607220e-01
8.283859930e-01
8.282099720e-01
8.286235360e-01
8.280828700e-01
8.280526900e-01
8.284615740e-01
8.281555300e-01
8.282866220e-01
8.279887690e-01
8.280004990e-01
8.282119820e-01
8.283127620e-01

[first_drift]
7.438097964e-05
4.362099571e-05
4.344098852e-05
4.351002281e-05
4.370100214e-05
4.355001147e-05
4.342000466e-05
4.351101234e-05
4.364101915e-05
4.353100667e-05
4.345999332e-05
4.390001413e-05
4.349998198e-05
4.342998727e-05
4.362000618e-05
4.355100100e-05
4.352998803e-05
4.348100629e-05
4.347102367e-05
4.344101762e-05
4.365100176e-05
4.396098666e-05
4.356002319e-05
4.362000618e-05
4.352000542e-05
4.343100591e-05
4.344098852e-05
4.348001676e-05
4.340999294e-05
4.340099986e-05
4.375100252e-05
4.345999332e-05
4.372000694e-05
4.367000656e-05
4.367998918e-05
4.348100629e-05
4.380999599e-05
4.374101991e-05
4.375100252e-05
4.359101877e-05
4.353100667e-05
4.392099800e-05
4.730001092e-05
4.335000995e-05
4.365999484e-05
4.352099495e-05
4.362099571e-05
4.351101234e-05
4.370999523e-05
4.372998956e-05

[force]
8.292336420e-01
8.280523190e-01
8.280542300e-01
8.282526820e-01
8.285807850e-01
8.280984700e-01
8.279934890e-01
8.280996500e-01
8.281851010e-01
8.280842390e-01
8.282178720e-01
8.281835820e-01
8.279149090e-01
8.281993610e-01
8.283631430e-01
8.280684690e-01
8.280413900e-01
8.280014590e-01
8.278021670e-01
8.281521300e-01
8.281210900e-01
8.282140110e-01
8.279034480e-01
8.279911890e-01
8.280107290e-01
8.280121890e-01
8.280815800e-01
8.279492690e-01
8.280909200e-01
8.277103660e-01
8.279844680e-01
8.279116380e-01
8.280736400e-01
8.281329400e-01
8.278566580e-01
8.280560790e-01
8.279778490e-01
8.280891400e-01
8.282035510e-01
8.280375490e-01
8.284486840e-01
8.279114080e-01
8.278700580e-01
8.282889720e-01
8.279833590e-01
8.281188400e-01
8.278150170e-01
8.278284170e-01
8.280411300e-01
8.281411310e-01

[kick]
6.270100130e-05
6.292099715e-05
6.210000720e-05
6.331098848e-05
6.323101115e-05
6.429100176e-05
6.518099690e-05
6.359102554e-05
6.330001634e-05
6.380098057e-05
6.423000013e-05
6.374000804e-05
6.388998008e-05
6.321098772e-05
6.337100058e-05
6.191100692e-05
6.387100439e-05
6.837100955e-05
6.939101149e-05
6.320100510e-05
6.252099411e-05
6.772100460e-05
6.261098315e-05
6.368101458e-05
6.369099719e-05
6.485101767e-05
6.347999442e-05
6.312099868e-05
6.309102173e-05
6.478998694e-05
6.379099796e-05
6.232099258e-05
6.366099115e-05
6.451099762e-05
6.290001329e-05
6.348101306e-05
6.431099609e-05
6.436099648e-05
6.466099876e-05
6.305100396e-05
6.500998279e-05
6.396998651e-05
6.432100781e-05
6.378101534e-05
6.530099199e-05
6.351099000e-05
6.486100028e-05
6.309102173e-05
6.429001223e-05
6.372001371e-05

[second_drift]
6.658001803e-05
6.841099821e-05
6.174101145e-05
6.442100857e-05
6.022999878e-05
6.748098531e-05
6.324102287e-05
6.148999091e-05
6.347100134e-05
6.461099838e-05
5.968098412e-05
6.147098611e-05
6.462101010e-05
6.193100126e-05
6.275999476e-05
6.267099525e-05
6.362001295e-05
6.592000136e-05
6.063000183e-05
6.285999552e-05
6.245000986e-05
6.744099665e-05
6.383101572e-05
6.667998969e-05
6.615999155e-05
6.186999963e-05
6.485101767e-05
6.733002374e-05
6.490098895e-05
6.636101170e-05
6.318101077e-05
6.442100857e-05
6.735100760e-05
6.713101175e-05
7.207100862e-05
6.582099013e-05
6.540000322e-05
6.343002315e-05
7.390999235e-05
6.563100033e-05
6.625099923e-05
6.352100172e-05
7.095100591e-05
6.542098708e-05
6.315001519e-05
6.070002564e-05
6.521001342e-05
6.531999679e-05
6.275100168e-05
6.398098776e-05

[papi_cycles]
3549674577
3545982936
3546037653
3546756500
3546257025
3546378213
3545913982
3546598598
3546554501
3546222403
3546767295
3546399328
3545828946
3546719595
3547265228
3546298191
3545831730
3546401166
3545430775
3546744271
3546550998
3546849664
3545967806
3545859974
3546342614
3545987216
3546217603
3546050766
3546031129
3545376364
3546014825
3545838514
3546706667
3546174022
3545650489
3546176739
3546147117
3546622570
3546448449
3546195389
3545785800
3546173338
3545944882
3546944999
3546286978
3546399334
3545699868
3545896215
3545915006
3546528240

[papi_instructions]
5476610362
5476608692
5476608694
5476608694
5476608698
5476608695
5476608694
5476608692
5476608694
5476608694
5476608695
5476608694
5476608694
5476608692
5476608696
5476608696
5476608694
5476608694
5476608692
5476608695
5476608694
5476608695
5476608694
5476608694
5476608693
5476608696
5476608694
5476608694
5476608694
5476608695
5476608692
5476608694
5476608694
5476608696
5476608694
5476608694
5476608694
5476608694
5476608694
5476608695
5476608694
5476608694
5476608691
5476608695
5476608694
5476608694
5476608694
5476608696
5476608693
5476608694

[papi_l1_dcm]
956263554
956207695
956281725
956286930
956261967
956249898
956241419
956289567
956262032
956288446
956273893
956242442
956216458
956244294
956271448
956250429
956277121
956274860
956278154
956271225
956254312
956245677
956269573
956223672
956253557
956246384
956251338
956293296
956279600
956258377
956226147
956249775
956244890
956264933
956251731
956239798
956235033
956259734
956284615
956270377
956233677
956252429
956254471
956279673
956230411
956294217
956276459
956274204
956297720
956269847

[papi_l2_dcm]
12196879
12254364
12215115
12256964
12237394
12208483
12282618
12253443
12239520
12220987
12215923
12239301
12231696
12223792
12253246
12222038
12225529
12248687
12230462
12270951
12255988
12242302
12253519
12245657
12222123
12238712
12257115
12218886
12236248
12233913
12246582
12221154
12257200
12287738
12261139
12267358
12253345
12234229
12222754
12233287
12209059
12227260
12258238
12254438
12214343
12233092
12237742
12214185
12254230
12247713

