[config]
variant=rsqrt-newton3rd
n_particles=50000
n_steps=50
dt=1.000000000e-04
eps=5.000000000e-02
G=1.000000000e+00
mass=1.000000000e+00
max_relative_energy_drift=8.143315727e-05
energy_tolerance=1.000000000e-03

[one-time]
reading_time=1.546954009e-03
writing_time=0.000000000e+00
initial_energy_time=4.040740044e+00
total_run_time=4.382771785e+01

[total_step]
7.200873040e-01
7.144585310e-01
7.151547580e-01
7.142963300e-01
7.145857730e-01
7.142043200e-01
7.143764110e-01
7.146596430e-01
7.146293730e-01
7.144292520e-01
7.145966030e-01
7.152948390e-01
7.150042470e-01
7.149804660e-01
7.149477260e-01
7.136527040e-01
7.146061040e-01
7.143470000e-01
7.145472820e-01
7.139793970e-01
7.138895370e-01
7.138802360e-01
7.146523840e-01
7.145744930e-01
7.141902000e-01
7.135905030e-01
7.142532900e-01
7.134691230e-01
7.136930450e-01
7.137442750e-01
7.138516460e-01
7.144664920e-01
7.147097040e-01
7.137963150e-01
7.150492180e-01
7.145385020e-01
7.156398420e-01
7.140058080e-01
7.154395400e-01
7.163195790e-01
7.155201320e-01
7.170851750e-01
7.158611040e-01
7.153792300e-01
7.150720080e-01
7.160253460e-01
7.161888270e-01
7.152175790e-01
7.151251270e-01
7.152976000e-01

[first_drift]
8.914098726e-05
5.957999383e-05
5.949099432e-05
5.888100713e-05
5.947099999e-05
7.628099411e-05
5.924998550e-05
5.915001384e-05
5.922099808e-05
5.920100375e-05
5.944000441e-05
6.014999235e-05
7.900100900e-05
7.665000157e-05
7.219100371e-05
5.943098222e-05
6.557098823e-05
5.974000669e-05
5.960097769e-05
5.917999079e-05
5.894099013e-05
5.916997907e-05
5.902998964e-05
5.920999683e-05
6.013101665e-05
5.942999269e-05
5.912099732e-05
5.902099656e-05
8.004100528e-05
7.540098159e-05
7.323099999e-05
7.541099330e-05
6.066000788e-05
5.919000250e-05
5.960100680e-05
5.949000479e-05
7.783100591e-05
6.330097676e-05
5.933002103e-05
6.020101137e-05
5.929099279e-05
7.669997285e-05
5.922099808e-05
5.952100037e-05
5.979099660e-05
5.926997983e-05
5.922999117e-05
5.950100604e-05
5.991000216e-05
5.905100261e-05

[force]
7.198551210e-01
7.142550200e-01
7.149526460e-01
7.140930980e-01
7.143671310e-01
7.139855980e-01
7.141731790e-01
7.144557620e-01
7.144216510e-01
7.142253190e-01
7.143901720e-01
7.150776380e-01
7.147756640e-01
7.147533750e-01
7.147331840e-01
7.134532320e-01
7.143964020e-01
7.141461690e-01
7.143466710e-01
7.137839160e-01
7.136862840e-01
7.136802650e-01
7.144502320e-01
7.143736010e-01
7.139901570e-01
7.133902120e-01
7.140520980e-01
7.132625000e-01
7.134609030e-01
7.135216230e-01
7.136227240e-01
7.142459400e-01
7.145086720e-01
7.135924040e-01
7.148460750e-01
7.143223910e-01
7.154172100e-01
7.137979260e-01
7.152411190e-01
7.161157270e-01
7.153058190e-01
7.168670040e-01
7.156590020e-01
7.151684480e-01
7.148666660e-01
7.158258650e-01
7.159862460e-01
7.150132660e-01
7.149204360e-01
7.150964780e-01

[kick]
6.350097829e-05
6.409001071e-05
6.347999442e-05
6.461099838e-05
6.892997772e-05
6.424999447e-05
6.501100142e-05
6.376998499e-05
6.475098780e-05
6.378098624e-05
6.986001972e-05
7.032000576e-05
6.893099635e-05
6.825997843e-05
6.441998994e-05
6.382100401e-05
6.451999070e-05
6.361101987e-05
6.386998575e-05
6.320100510e-05
6.462101010e-05
6.375001976e-05
6.463099271e-05
6.379099796e-05
6.333098281e-05
6.414100062e-05
6.399000995e-05
6.791099440e-05
6.709998706e-05
6.522997865e-05
6.786998711e-05
6.424999447e-05
6.383101572e-05
6.436099648e-05
6.354099605e-05
6.983001367e-05
6.396102253e-05
6.379000843e-05
6.368101458e-05
6.410101196e-05
6.913099787e-05
6.385997403e-05
6.397100515e-05
6.572101847e-05
6.859001587e-05
6.326998118e-05
6.405101158e-05
6.466099876e-05
6.462101010e-05
6.282000686e-05

[second_drift]
7.949100109e-05
7.978099165e-05
7.909099804e-05
7.968000136e-05
9.002099978e-05
7.807099610e-05
7.891099085e-05
8.090102347e-05
8.369999705e-05
8.083099965e-05
7.705099415e-05
8.660100866e-05
8.041100227e-05
8.199102012e-05
7.788100629e-05
7.615998038e-05
7.955101319e-05
7.737099077e-05
7.708100020e-05
7.305000327e-05
7.959100185e-05
7.695099339e-05
7.844099309e-05
7.783999899e-05
7.653099601e-05
7.660998381e-05
7.802099572e-05
7.950101281e-05
8.481100667e-05
8.197099669e-05
8.760101628e-05
8.084098226e-05
7.649097824e-05
8.030000026e-05
7.995098713e-05
8.662100299e-05
8.078999235e-05
8.074101061e-05
7.536000339e-05
7.949999417e-05
8.580100257e-05
7.755102706e-05
7.886000094e-05
8.547998732e-05
7.686100435e-05
7.689101039e-05
7.924999227e-05
8.010098827e-05
8.011001046e-05
7.920101052e-05

[papi_cycles]
3060325732
3054872348
3055864820
3054669270
3055328083
3054081907
3055207899
3056986630
3055863268
3055745578
3056125099
3057707669
3056699711
3057243436
3055852811
3050953788
3056052040
3055316322
3055880090
3053915955
3051865524
3053567204
3056290141
3055880505
3054495129
3050802786
3054670265
3049923864
3049584840
3050176740
3052144617
3055322623
3056915308
3052519371
3057894198
3055701442
3053910707
3052006092
3056946539
3056093553
3054224308
3053085285
3056160855
3055136796
3054450165
3057541610
3053491230
3055175264
3053249754
3055136965

[papi_instructions]
4382235274
4382233595
4382233596
4382233591
4382233594
4382233593
4382233593
4382233593
4382233593
4382233593
4382233591
4382233594
4382233595
4382233596
4382233592
4382233592
4382233593
4382233591
4382233594
4382233593
4382233593
4382233591
4382233594
4382233595
4382233591
4382233594
4382233595
4382233592
4382233590
4382233594
4382233593
4382233591
4382233594
4382233593
4382233594
4382233592
4382233602
4382233593
4382233594
4382233599
4382233595
4382233596
4382233593
4382233594
4382233593
4382233593
4382233596
4382233594
4382233594
4382233592

[papi_l1_dcm]
953058212
953046580
953019896
953017353
953058698
952995943
953058696
953045261
953049381
953042816
953058111
953068472
953050596
953050221
953009512
953026519
953069728
953045649
953046209
953044676
953034537
953037300
953039050
953056467
953049296
953044537
953052106
953015211
953029152
953051869
953024557
953052307
953034521
952921934
953045903
953051483
953053908
953036457
953041656
953035799
953030288
953049603
953030673
953011309
953029852
953032543
953046232
953046376
953048881
953076258

[papi_l2_dcm]
23489687
23287229
23464500
23347105
23439258
23439282
23403646
23600237
23484323
23434819
23551412
23643078
23405986
23623076
23726718
23314893
23576974
23483520
23481571
23334544
23369380
23296576
23428628
23463846
23451357
23381362
23384799
23332771
23258228
23319468
23342078
23480856
23564867
23339357
23628686
23553522
23366135
23310831
23526954
23469013
23416492
23484828
23376522
23418131
23331738
23550732
23381077
23337485
23212322
23420711

