[config]
variant=rsqrt-newton3rd
n_particles=50000
n_steps=50
dt=1.000000000e-04
eps=5.000000000e-02
G=1.000000000e+00
mass=1.000000000e+00
max_relative_energy_drift=0.000000000e+00
energy_tolerance=1.000000000e-03

[one-time]
reading_time=1.417174994e-03
writing_time=0.000000000e+00
initial_energy_time=4.024921728e+00
total_run_time=5.351048897e+01

[total_step]
9.101986490e-01
9.093235290e-01
9.098094740e-01
9.093501600e-01
9.096851230e-01
9.095700520e-01
9.093102690e-01
9.095960130e-01
9.094892410e-01
9.092288980e-01
9.091714680e-01
9.097523240e-01
9.092787890e-01
9.092450180e-01
9.091690680e-01
9.096915230e-01
9.094732710e-01
9.095710720e-01
9.091283070e-01
9.098348850e-01
9.091556370e-01
9.091804280e-01
9.091630280e-01
9.092261780e-01
9.098860660e-01
9.096984730e-01
9.102618690e-01
9.097522740e-01
9.097356640e-01
9.093405300e-01
9.093556700e-01
9.092334480e-01
9.093555800e-01
9.097039630e-01
9.095725720e-01
9.098067950e-01
9.091943680e-01
9.097476150e-01
9.098167050e-01
9.103463500e-01
9.092571690e-01
9.093985300e-01
9.097145630e-01
9.090452070e-01
9.095043310e-01
9.091569180e-01
9.091887180e-01
9.094038800e-01
9.100372770e-01
9.093109990e-01

[first_drift]
7.136099157e-05
4.327998613e-05
4.329098738e-05
4.326098133e-05
4.325099871e-05
4.320099833e-05
4.315099795e-05
4.327099305e-05
4.323999747e-05
4.320999142e-05
4.319098662e-05
4.328999785e-05
4.357000580e-05
4.332998651e-05
4.342099419e-05
4.326002090e-05
4.772000830e-05
4.340001033e-05
4.336098209e-05
4.327000352e-05
4.792000982e-05
4.325099871e-05
4.324098700e-05
4.334998084e-05
4.327102215e-05
4.317998537e-05
4.327000352e-05
4.320099833e-05
4.320000880e-05
4.325999180e-05
4.313100362e-05
4.321098095e-05
4.713100498e-05
4.327000352e-05
4.318097490e-05
4.361098399e-05
4.335000995e-05
4.323100438e-05
4.333097604e-05
4.321101005e-05
4.328100476e-05
4.323999747e-05
4.318999709e-05
4.311098019e-05
4.312000237e-05
4.310099757e-05
4.327099305e-05
4.313999671e-05
4.315000842e-05
4.318001447e-05

[force]
9.099997570e-01
9.091535780e-01
9.096357120e-01
9.091787880e-01
9.095167010e-01
9.093932400e-01
9.091363370e-01
9.094217300e-01
9.093181090e-01
9.090584470e-01
9.089988850e-01
9.095806720e-01
9.091045770e-01
9.090680570e-01
9.089943950e-01
9.095205020e-01
9.092943000e-01
9.093921510e-01
9.089594550e-01
9.096610930e-01
9.089814460e-01
9.090083660e-01
9.089892460e-01
9.090570170e-01
9.097115430e-01
9.095266620e-01
9.100882980e-01
9.095801620e-01
9.095579820e-01
9.091653780e-01
9.091847480e-01
9.090622460e-01
9.091790270e-01
9.095275320e-01
9.094011400e-01
9.096321020e-01
9.090252260e-01
9.095723420e-01
9.096496830e-01
9.101753680e-01
9.090853170e-01
9.092235280e-01
9.095427420e-01
9.088725540e-01
9.093317400e-01
9.089822750e-01
9.090154060e-01
9.092323690e-01
9.098631150e-01
9.091404670e-01

[kick]
6.344000576e-05
6.387001486e-05
6.473099347e-05
6.545998622e-05
6.493099499e-05
6.546100485e-05
6.553102867e-05
6.470098742e-05
6.438101991e-05
6.437001866e-05
6.473099347e-05
6.398101687e-05
6.455101538e-05
6.725097774e-05
6.467101048e-05
6.433998351e-05
6.483998732e-05
6.483998732e-05
6.456999108e-05
6.401099381e-05
6.338101230e-05
6.489097723e-05
6.439001299e-05
6.336098886e-05
6.502101314e-05
6.481999299e-05
6.404999294e-05
6.457997370e-05
6.475098780e-05
6.538099842e-05
6.611002027e-05
6.434001261e-05
6.367100286e-05
6.566097727e-05
6.650100113e-05
6.546100485e-05
6.462101010e-05
6.426099571e-05
6.306997966e-05
6.494100671e-05
6.454999675e-05
6.602099165e-05
6.390101044e-05
6.427097833e-05
6.345001748e-05
6.475098780e-05
6.378098624e-05
6.573999417e-05
6.541100447e-05
6.509100785e-05

[second_drift]
6.404099986e-05
6.274098996e-05
6.568999379e-05
6.260100054e-05
6.019001012e-05
6.809999468e-05
6.514997222e-05
6.620102795e-05
6.343098357e-05
6.282099639e-05
6.461099838e-05
6.433099043e-05
6.604098598e-05
6.631002179e-05
6.652099546e-05
6.337100058e-05
6.636101170e-05
7.063100929e-05
6.087101065e-05
6.646101247e-05
6.284099072e-05
6.386000314e-05
6.609098637e-05
6.240000948e-05
6.618100451e-05
6.375100929e-05
6.620099884e-05
6.428101915e-05
6.967101945e-05
6.640999345e-05
6.162098725e-05
6.360097905e-05
6.570099504e-05
6.744000711e-05
6.165000377e-05
6.556100561e-05
6.111100083e-05
6.772100460e-05
6.056102575e-05
6.272000610e-05
6.397100515e-05
6.569098332e-05
6.468000356e-05
6.522101467e-05
6.596097955e-05
6.674000178e-05
6.619098713e-05
6.258100620e-05
6.554997526e-05
6.221098010e-05

[papi_cycles]
3896836762
3894357757
3896914280
3894523206
3896502856
3895990341
3894824259
3896023176
3894988400
3894600777
3893692204
3896758776
3894484169
3894548601
3894317737
3896361784
3895698428
3895819977
3894113655
3895706846
3894161647
3894046809
3894185664
3894168505
3897085137
3896484745
3896367106
3896365611
3896488566
3895148572
3894607479
3894397893
3894840651
3896222819
3896148800
3896803507
3894226560
3896547296
3896993945
3896206224
3894475751
3894563570
3896342637
3893669922
3895636572
3894161913
3893765419
3894060773
3895297518
3893645903

[papi_instructions]
5476610443
5476608775
5476608775
5476608774
5476608775
5476608775
5476608773
5476608774
5476608775
5476608775
5476608776
5476608775
5476608774
5476608774
5476608775
5476608774
5476608774
5476608774
5476608775
5476608778
5476608775
5476608774
5476608774
5476608775
5476608775
5476608775
5476608774
5476608776
5476608773
5476608774
5476608778
5476608775
5476608774
5476608774
5476608774
5476608775
5476608775
5476608775
5476608775
5476608777
5476608777
5476608775
5476608774
5476608774
5476608775
5476608775
5476608781
5476608775
5476608775
5476608777

[papi_l1_dcm]
957363426
957326792
957344340
957337039
957348759
957339433
957349398
957338985
957352467
957339940
957354933
957347252
957347316
957379312
957342869
957376838
957322717
957343219
957361819
957348419
957356482
957343331
957367657
957357944
957345938
957359788
957349544
957338554
957362142
957324022
957333994
957335573
957328373
957346876
957364206
957332519
957348775
957333388
957345626
957340069
957350398
957338432
957357375
957373459
957336717
957373717
957353212
957361963
957327086
957332449

[papi_l2_dcm]
13440496
13410646
13434086
13453572
13437026
13424046
13443329
13405343
13456191
13435140
13433093
13436485
13432820
13449345
13420325
13424950
13384581
13461523
13428709
13419646
13425112
13425541
13440947
13425307
13444075
13429866
13478206
13417568
13415519
13436665
13430305
13441383
13412762
13422625
13417746
13430751
13451147
13510229
13455995
13411320
13437781
13364068
13457905
13469819
13474008
13486439
13492392
13486601
13513609
13435702

