[config]
variant=rsqrt-newton3rd
n_particles=50000
n_steps=50
dt=1.000000000e-04
eps=5.000000000e-02
G=1.000000000e+00
mass=1.000000000e+00
max_relative_energy_drift=8.143315727e-05
energy_tolerance=1.000000000e-03

[one-time]
reading_time=1.432492980e-03
writing_time=0.000000000e+00
initial_energy_time=4.036725948e+00
total_run_time=4.651545026e+01

[total_step]
7.675215740e-01
7.666486260e-01
7.669389490e-01
7.668807680e-01
7.666976270e-01
7.663790530e-01
7.658814490e-01
7.659644890e-01
7.666061360e-01
7.671300700e-01
7.669133890e-01
7.671543300e-01
7.669673690e-01
7.664020630e-01
7.669505990e-01
7.668100570e-01
7.676206050e-01
7.691514090e-01
7.699370560e-01
7.698723550e-01
7.722581170e-01
7.723470170e-01
7.672144520e-01
7.726364500e-01
7.738113110e-01
7.734720970e-01
7.720693360e-01
7.722819370e-01
7.734288170e-01
7.728923630e-01
7.719493940e-01
7.729079830e-01
7.732420650e-01
7.741080640e-01
7.735735090e-01
7.734118870e-01
7.667565570e-01
7.659285700e-01
7.668231670e-01
7.668054780e-01
7.665119040e-01
7.665488850e-01
7.667029870e-01
7.666141350e-01
7.669670890e-01
7.672756210e-01
7.669867900e-01
7.660065200e-01
7.659903100e-01
7.659500890e-01

[first_drift]
7.070999709e-05
4.346101196e-05
4.350100062e-05
4.337000428e-05
5.923100980e-05
4.339998122e-05
5.999099812e-05
6.104999920e-05
4.354098928e-05
4.365999484e-05
4.341002204e-05
4.340999294e-05
4.351098323e-05
4.338999861e-05
4.503101809e-05
4.354101839e-05
4.383100895e-05
4.362099571e-05
4.377099685e-05
4.359000013e-05
6.737999502e-05
6.934997509e-05
5.207100185e-05
4.362998880e-05
4.367000656e-05
4.362998880e-05
4.418098251e-05
5.046001752e-05
5.788999260e-05
4.388100933e-05
4.392000847e-05
4.416101729e-05
4.405999789e-05
4.391098628e-05
4.370999523e-05
4.392099800e-05
4.405999789e-05
4.333100514e-05
4.343001638e-05
4.345999332e-05
4.356997670e-05
4.350100062e-05
4.334101686e-05
4.348999937e-05
4.950098810e-05
4.347998765e-05
4.337099381e-05
4.670000635e-05
5.992999650e-05
6.960000610e-05

[force]
7.673207920e-01
7.664781940e-01
7.667688370e-01
7.666926270e-01
7.665096440e-01
7.661986620e-01
7.656775860e-01
7.657711880e-01
7.664359740e-01
7.669594490e-01
7.667422080e-01
7.669842090e-01
7.667951870e-01
7.662363920e-01
7.667784170e-01
7.666337950e-01
7.674500030e-01
7.689770770e-01
7.697672540e-01
7.696896940e-01
7.720492850e-01
7.721544760e-01
7.670328390e-01
7.724556090e-01
7.736376500e-01
7.733042360e-01
7.718959640e-01
7.720971960e-01
7.732441860e-01
7.727110310e-01
7.717737930e-01
7.727350310e-01
7.730691340e-01
7.739369820e-01
7.734061080e-01
7.732407150e-01
7.665841450e-01
7.657591080e-01
7.666524760e-01
7.666319570e-01
7.663335230e-01
7.663741330e-01
7.665305540e-01
7.664423540e-01
7.667920370e-01
7.671066200e-01
7.668113680e-01
7.658300490e-01
7.657952480e-01
7.657545780e-01

[kick]
6.388098700e-05
6.425101310e-05
6.371000200e-05
7.056098548e-05
6.409100024e-05
6.765002036e-05
6.758101517e-05
6.500101881e-05
6.396998651e-05
6.384000881e-05
6.340999971e-05
6.391099305e-05
6.369999028e-05
6.151100388e-05
6.227099220e-05
7.029098924e-05
6.486999337e-05
6.507098442e-05
6.359000690e-05
6.459001452e-05
6.818099064e-05
5.698102177e-05
6.366099115e-05
7.293000817e-05
6.349998876e-05
6.386099267e-05
6.304998533e-05
6.120998296e-05
6.483099423e-05
7.100999937e-05
6.360100815e-05
6.461999146e-05
6.377097452e-05
6.393101648e-05
6.439100252e-05
6.352100172e-05
6.412097719e-05
6.339998799e-05
6.433000090e-05
6.409001071e-05
6.919100997e-05
6.420101272e-05
6.408101763e-05
6.436099648e-05
6.300999667e-05
6.371099153e-05
6.568001118e-05
6.040997687e-05
6.588097312e-05
6.349102478e-05

[second_drift]
6.612099241e-05
6.265999400e-05
6.285100244e-05
7.410001126e-05
6.454999675e-05
6.929098163e-05
7.624097634e-05
6.719998783e-05
6.250099977e-05
6.307099829e-05
6.430101348e-05
6.275001215e-05
6.485098857e-05
6.071000826e-05
6.478000432e-05
6.234002649e-05
6.185099483e-05
6.543000927e-05
6.233097520e-05
7.430100231e-05
7.321100566e-05
6.609997945e-05
6.583100185e-05
6.413101801e-05
6.643100642e-05
6.031000521e-05
6.605099770e-05
7.302101585e-05
6.185998791e-05
6.634098827e-05
6.802999997e-05
6.401099381e-05
6.504001794e-05
6.318997475e-05
5.924000288e-05
6.366998423e-05
6.415002281e-05
6.262102397e-05
6.288100849e-05
6.591097917e-05
6.555998698e-05
6.699998630e-05
6.495098933e-05
6.387999747e-05
6.249101716e-05
6.175000453e-05
6.613100413e-05
6.931100506e-05
6.920102169e-05
6.236997433e-05

[papi_cycles]
3281187866
3279211690
3279835667
3280078610
3278850585
3277591816
3275756698
3275905985
3278833720
3280910161
3279912475
3281367289
3280280294
3277785643
3280260490
3279695275
3278969583
3280455067
3277959076
3279408557
3276456062
3275471282
3280883969
3277150140
3280906344
3281920302
3280823703
3278173949
3278609814
3280903104
3280143670
3280363661
3276745605
3281697061
3279709032
3279724674
3277542304
3276179126
3279779444
3279471289
3278598320
3279683535
3278712384
3278013828
3280030962
3281080864
3280243828
3275629767
3276063848
3275895451

[papi_instructions]
4382235312
4382233646
4382233646
4382233646
4382233646
4382233646
4382233645
4382233642
4382233645
4382233647
4382233646
4382233644
4382233645
4382233648
4382233647
4382233643
4382233652
4382233648
4382233649
4382233649
4382233651
4382233651
4382233646
4382233652
4382233650
4382233656
4382233651
4382233651
4382233651
4382233651
4382233651
4382233651
4382233653
4382233651
4382233652
4382233660
4382233650
4382233644
4382233645
4382233646
4382233646
4382233643
4382233610
4382233645
4382233645
4382233647
4382233645
4382233645
4382233647
4382233645

[papi_l1_dcm]
952610117
952596795
952627609
952618713
952605066
952615640
952610068
952598840
952614096
952614936
952612351
952605530
952603236
952608736
952604686
952623670
952604412
952620065
952601282
952601868
952603127
952557522
952609436
952604769
952616014
952607951
952584253
952597717
952606741
952592759
952591289
952619766
952620925
952626754
952619651
952616898
952614037
952612375
952612858
952615404
952584684
952610802
952621838
952613354
952627186
952618961
952619791
952621237
952619616
952611802

[papi_l2_dcm]
23902704
23751065
23786852
23794607
23779313
23809074
23794773
23763561
23832389
23806484
23756554
23836514
23810995
23869349
23799226
23685887
23736279
23871794
23831287
23968291
23797439
23815712
23850235
23756479
23836309
23917132
23879928
23690200
23750466
23803775
23832435
23778906
23744298
24001535
23884938
23870041
23732057
23815196
23880598
23897255
23859230
23838105
23829561
23672275
23760878
23824550
23723057
23777292
23826231
23788437

