[config]
variant=rsqrt-newton3rd
n_particles=50000
n_steps=50
dt=1.000000000e-04
eps=5.000000000e-02
G=1.000000000e+00
mass=1.000000000e+00
max_relative_energy_drift=0.000000000e+00
energy_tolerance=1.000000000e-03

[one-time]
reading_time=1.404175011e-03
writing_time=0.000000000e+00
initial_energy_time=4.024782356e+00
total_run_time=5.323718992e+01

[total_step]
9.044700080e-01
9.038716820e-01
9.038401910e-01
9.039609320e-01
9.041823680e-01
9.038755320e-01
9.039467830e-01
9.037750900e-01
9.039586730e-01
9.037986810e-01
9.039244520e-01
9.037067300e-01
9.043674470e-01
9.038452010e-01
9.038514020e-01
9.037172600e-01
9.038402810e-01
9.038261510e-01
9.036748700e-01
9.039457120e-01
9.037105000e-01
9.037480410e-01
9.036631100e-01
9.037652310e-01
9.038606810e-01
9.037766510e-01
9.039105420e-01
9.038595610e-01
9.038936510e-01
9.038131510e-01
9.037714810e-01
9.038852420e-01
9.036126690e-01
9.037644900e-01
9.038031710e-01
9.039574130e-01
9.038205110e-01
9.038146410e-01
9.037558500e-01
9.037370710e-01
9.038694310e-01
9.037234200e-01
9.037023800e-01
9.038391720e-01
9.038767910e-01
9.042419360e-01
9.036601590e-01
9.037788710e-01
9.036546390e-01
9.036410700e-01

[first_drift]
7.216102676e-05
4.355001147e-05
4.338999861e-05
4.340001033e-05
4.350100062e-05
4.363100743e-05
4.359098966e-05
4.352000542e-05
4.358100705e-05
4.359000013e-05
4.352998803e-05
4.351101234e-05
4.362998880e-05
4.375001299e-05
4.385100328e-05
4.347000504e-05
4.348999937e-05
4.362000618e-05
4.345999332e-05
4.769000225e-05
4.370100214e-05
4.409099347e-05
4.385100328e-05
4.353100667e-05
4.347998765e-05
4.348100629e-05
4.347998765e-05
4.345999332e-05
4.348001676e-05
4.358100705e-05
4.343100591e-05
4.371101386e-05
4.340999294e-05
4.353999975e-05
4.801098839e-05
4.350100062e-05
4.348999937e-05
4.353999975e-05
4.367000656e-05
4.377099685e-05
4.396002623e-05
4.362099571e-05
4.379102029e-05
4.356098361e-05
4.859999171e-05
4.383097985e-05
4.367000656e-05
4.345001071e-05
4.347998765e-05
4.345100024e-05

[force]
9.042651350e-01
9.037013200e-01
9.036737600e-01
9.037904910e-01
9.040111060e-01
9.037026100e-01
9.037773600e-01
9.035989690e-01
9.037886100e-01
9.036279090e-01
9.037506510e-01
9.035372080e-01
9.041998450e-01
9.036653100e-01
9.036763590e-01
9.035519980e-01
9.036670690e-01
9.036562200e-01
9.035053290e-01
9.037709710e-01
9.035421380e-01
9.035803080e-01
9.034913380e-01
9.035990280e-01
9.036898000e-01
9.036042080e-01
9.037399200e-01
9.036864300e-01
9.037192600e-01
9.036409490e-01
9.035992090e-01
9.037122400e-01
9.034385370e-01
9.035948390e-01
9.036277890e-01
9.037841410e-01
9.036467200e-01
9.036434700e-01
9.035809590e-01
9.035658280e-01
9.036988800e-01
9.035549880e-01
9.035352180e-01
9.036633390e-01
9.037009400e-01
9.040689030e-01
9.034920580e-01
9.036085790e-01
9.034820380e-01
9.034731970e-01

[kick]
6.443102029e-05
6.472101086e-05
6.595000741e-05
6.457100972e-05
6.468099309e-05
6.535099237e-05
6.493102410e-05
6.569098332e-05
6.344102439e-05
6.331098848e-05
6.441000733e-05
6.423000013e-05
6.363101420e-05
6.407100591e-05
6.470101653e-05
6.414100062e-05
6.357100210e-05
6.344000576e-05
6.428998313e-05
6.400002167e-05
6.342100096e-05
6.521100295e-05
6.392999785e-05
6.448102067e-05
6.582000060e-05
6.381099229e-05
6.525099161e-05
6.406099419e-05
6.978100282e-05
6.460101577e-05
6.540998584e-05
6.446999032e-05
6.436099648e-05
6.549997488e-05
6.507101352e-05
6.334000500e-05
6.371000200e-05
6.427001790e-05
6.933999248e-05
6.451099762e-05
6.439100252e-05
6.349099567e-05
6.324000424e-05
6.481099990e-05
6.377100362e-05
6.747100269e-05
6.469999789e-05
6.416099495e-05
6.346101873e-05
6.377100362e-05

[second_drift]
6.823099102e-05
6.204098463e-05
5.704097566e-05
6.241997471e-05
6.303002010e-05
6.387999747e-05
6.080098683e-05
6.685999688e-05
6.293097977e-05
6.381102139e-05
6.581100752e-05
6.173099973e-05
6.029100041e-05
7.202001871e-05
6.638100604e-05
5.760099157e-05
6.608097465e-05
6.282099639e-05
6.174101145e-05
6.300097448e-05
6.119001773e-05
5.836997298e-05
6.393101648e-05
5.814098404e-05
6.152101560e-05
6.504100747e-05
6.184101221e-05
6.556100561e-05
6.108000525e-05
6.396998651e-05
6.331101758e-05
6.477101124e-05
6.629098789e-05
6.056102575e-05
6.220000796e-05
6.637099432e-05
6.652099546e-05
6.323098205e-05
6.183100049e-05
6.290100282e-05
6.213999586e-05
6.126999506e-05
6.007100455e-05
6.741101970e-05
6.339000538e-05
6.167098763e-05
5.961098941e-05
6.263097748e-05
6.560998736e-05
6.060101441e-05

[papi_cycles]
3871519591
3870321578
3870286378
3870525329
3870901565
3870732552
3870715808
3870345031
3870610626
3870423231
3870839527
3870273526
3870305031
3870704038
3870782799
3869945470
3870792517
3870429558
3870100864
3870772316
3870459455
3870439371
3870135296
3870540010
3870708927
3870525595
3870602632
3870858656
3870667910
3870701794
3870478221
3870434382
3870115436
3870161861
3870585621
3870909937
3870696216
3870548459
3870545799
3870098817
3870808425
3870123087
3870197879
3870841348
3870660197
3870274576
3869853582
3870118727
3869828248
3870014157

[papi_instructions]
5476610435
5476608767
5476608769
5476608770
5476608771
5476608769
5476608769
5476608769
5476608770
5476608771
5476608769
5476608767
5476608770
5476608768
5476608768
5476608733
5476608769
5476608771
5476608768
5476608771
5476608769
5476608769
5476608768
5476608768
5476608769
5476608770
5476608769
5476608769
5476608768
5476608770
5476608770
5476608771
5476608768
5476608768
5476608769
5476608769
5476608769
5476608769
5476608768
5476608771
5476608769
5476608769
5476608768
5476608769
5476608768
5476608768
5476608768
5476608773
5476608776
5476608770

[papi_l1_dcm]
957114676
957131856
957140380
957105395
957102551
957125823
957081185
957090690
957101923
957113270
957103169
957087983
957111460
957096382
957100112
957098171
957093021
957120526
957099425
957093070
957080175
957095853
957083751
957126445
957111226
957073888
957112471
957114165
957100473
957122354
957093563
957075253
957099363
957115855
957084577
957084409
957096633
957108512
957096420
957122725
957096066
957130524
957114977
957055712
957120943
957120966
957103702
957103985
957104602
957109496

[papi_l2_dcm]
13686110
13704878
13689032
13700936
13673996
13707855
13718857
13681558
13683541
13742664
13708661
13692446
13725057
13728919
13717267
13704309
13763266
13744166
13696011
13778348
13686696
13687181
13700615
13703557
13739690
13699483
13744695
13694396
13705464
13712370
13687642
13691001
13701791
13716312
13681430
13697341
13657924
13695150
13687408
13671505
13728778
13668014
13728801
13730771
13739859
13768597
13775373
13754173
13768821
13787646

