[config]
variant=rsqrt-newton3rd
n_particles=50000
n_steps=50
dt=1.000000000e-04
eps=5.000000000e-02
G=1.000000000e+00
mass=1.000000000e+00
max_relative_energy_drift=8.143315727e-05
energy_tolerance=1.000000000e-03

[one-time]
reading_time=1.425062976e-03
writing_time=0.000000000e+00
initial_energy_time=4.058842500e+00
total_run_time=4.372719286e+01

[total_step]
7.185668690e-01
7.176116310e-01
7.172713270e-01
7.112623420e-01
7.111119820e-01
7.108006080e-01
7.110583310e-01
7.111346710e-01
7.106503280e-01
7.113504830e-01
7.108306590e-01
7.106373370e-01
7.104383050e-01
7.103630340e-01
7.108673690e-01
7.107647680e-01
7.110612910e-01
7.115614160e-01
7.118905480e-01
7.122221220e-01
7.125755540e-01
7.131857400e-01
7.126190350e-01
7.122826120e-01
7.121764310e-01
7.122688120e-01
7.137750360e-01
7.119339490e-01
7.121664510e-01
7.114812550e-01
7.125344640e-01
7.133887620e-01
7.129308480e-01
7.128943070e-01
7.123976730e-01
7.124069930e-01
7.127106560e-01
7.127996760e-01
7.125977860e-01
7.127167450e-01
7.133599320e-01
7.153517000e-01
7.149621660e-01
7.139965970e-01
7.122654030e-01
7.117869770e-01
7.126495950e-01
7.121007400e-01
7.116529160e-01
7.122844120e-01

[first_drift]
7.010000991e-05
4.400999751e-05
4.467999679e-05
4.380999599e-05
4.366101348e-05
4.361997708e-05
6.466102786e-05
4.385001375e-05
4.357099533e-05
4.367998918e-05
4.356098361e-05
6.482101162e-05
6.566999946e-05
6.894097896e-05
5.758099724e-05
4.367099609e-05
4.360100138e-05
4.357099533e-05
4.348001676e-05
4.348100629e-05
4.352998803e-05
4.366997746e-05
4.376098514e-05
4.375999561e-05
4.350001109e-05
4.348100629e-05
4.370999523e-05
4.360100138e-05
4.382099723e-05
4.347000504e-05
4.369000089e-05
4.357000580e-05
4.357000580e-05
4.370999523e-05
4.371101386e-05
4.864099901e-05
4.342000466e-05
4.341002204e-05
4.361101310e-05
4.357000580e-05
4.364099004e-05
6.060098531e-05
6.088000373e-05
6.764099817e-05
4.348097718e-05
4.385999637e-05
4.370999523e-05
6.610099808e-05
4.353100667e-05
4.542100942e-05

[force]
7.183652570e-01
7.174304200e-01
7.171001260e-01
7.110937910e-01
7.109401300e-01
7.106176170e-01
7.108702490e-01
7.109648800e-01
7.104789160e-01
7.111801920e-01
7.106514870e-01
7.104332550e-01
7.102282640e-01
7.101666820e-01
7.106822670e-01
7.105968760e-01
7.108963790e-01
7.113897340e-01
7.117078270e-01
7.120519900e-01
7.124019730e-01
7.130044090e-01
7.124486830e-01
7.121088410e-01
7.120069300e-01
7.120998300e-01
7.136022240e-01
7.117636170e-01
7.119968290e-01
7.113128230e-01
7.123640720e-01
7.132206210e-01
7.127603270e-01
7.127248960e-01
7.122234710e-01
7.122307710e-01
7.125362750e-01
7.126263750e-01
7.124265030e-01
7.125432940e-01
7.131762200e-01
7.151501280e-01
7.147638550e-01
7.138009250e-01
7.120939900e-01
7.116154160e-01
7.124745340e-01
7.119039180e-01
7.114817340e-01
7.121119800e-01

[kick]
6.485098857e-05
7.122999523e-05
6.429999485e-05
6.432100781e-05
6.351000047e-05
6.802001735e-05
6.396998651e-05
6.368098548e-05
6.357999519e-05
6.322099944e-05
6.700999802e-05
6.588999531e-05
7.229999756e-05
6.331098848e-05
6.293100887e-05
6.350100739e-05
6.241101073e-05
6.388098700e-05
6.848099292e-05
6.362999557e-05
6.418101839e-05
7.317098789e-05
6.252099411e-05
6.323997513e-05
6.404099986e-05
6.395101082e-05
6.470098742e-05
6.338101230e-05
6.439999561e-05
6.373101496e-05
6.449100329e-05
6.411998766e-05
6.412999937e-05
6.415098323e-05
6.479100557e-05
6.405997556e-05
6.941001629e-05
6.384099834e-05
6.339099491e-05
6.401099381e-05
6.886999472e-05
6.834999658e-05
6.789999316e-05
6.418101839e-05
6.407100591e-05
6.475998089e-05
6.501999451e-05
6.374102668e-05
6.328101153e-05
6.351099000e-05

[second_drift]
6.661101361e-05
6.592099089e-05
6.212099106e-05
6.029999349e-05
6.462098099e-05
7.107100100e-05
5.940100527e-05
6.215000758e-05
6.418101839e-05
6.329998723e-05
6.838099216e-05
7.323099999e-05
7.202100824e-05
6.404001033e-05
6.448000204e-05
6.067100912e-05
5.884998245e-05
6.417001714e-05
7.069000276e-05
6.297099753e-05
6.582000060e-05
6.444001338e-05
6.391000352e-05
6.672102609e-05
6.185998791e-05
6.148999091e-05
6.431998918e-05
6.329998723e-05
6.129100802e-05
6.118099554e-05
6.216100883e-05
6.040101289e-05
6.269098958e-05
6.149002002e-05
6.563999341e-05
6.345100701e-05
6.150099216e-05
6.595000741e-05
6.422100705e-05
6.582000060e-05
7.114099571e-05
7.257101242e-05
6.933099939e-05
6.378997932e-05
6.374099758e-05
6.289102021e-05
6.604101509e-05
6.692999159e-05
6.428000052e-05
6.344998837e-05

[papi_cycles]
3040270981
3041197939
3043518353
3041764355
3041615169
3040310800
3041513920
3041610826
3039748164
3042869236
3040587854
3039800581
3038390641
3038656376
3040952306
3040712853
3038832477
3042088535
3043157195
3040408944
3043048515
3040712729
3042368604
3041967592
3042690113
3041144359
3042100592
3041524207
3041943391
3039956870
3042842620
3039471263
3042238658
3042465177
3041549528
3042266067
3037940613
3041991678
3041337103
3041857341
3037525103
3037178661
3038170684
3039440705
3041697142
3041726323
3038638117
3040413976
3041280770
3044023467

[papi_instructions]
4382235264
4382233597
4382233608
4382233588
4382233590
4382233590
4382233588
4382233591
4382233590
4382233590
4382233588
4382233590
4382233590
4382233587
4382233555
4382233590
4382233500
4382233594
4382233555
4382233591
4382233589
4382233592
4382233592
4382233555
4382233591
4382233594
4382233593
4382233591
4382233591
4382233591
4382233592
4382233590
4382233592
4382233592
4382233589
4382233592
4382233591
4382233555
4382233590
4382233594
4382233594
4382233593
4382233594
4382233557
4382233592
4382233588
4382233593
4382233591
4382233589
4382233591

[papi_l1_dcm]
953178290
953190378
953172050
953161436
953167869
953168745
953175753
953160260
953175592
953169587
953180635
953180932
953175059
953184736
953082743
953061439
953172897
953188863
953178530
953169890
953169285
953174464
953165680
953162567
953173735
953178020
953190961
953163127
953162373
953159887
953171463
953160892
953173843
953167916
953175769
953179866
953153529
953149899
953125773
953185030
953166807
953154390
953176509
953196583
953165874
953171345
953167146
953141015
953175410
953170689

[papi_l2_dcm]
24864281
24854191
24923369
24892649
24846467
24959385
24834020
24855260
24788763
24875755
24797832
24936611
24858543
24784881
24767931
24850484
24769610
24853420
24876671
24645781
24844377
24883767
24847013
24798550
24808045
24770579
24915612
24731807
24906573
24677284
24888607
24970798
24911391
24940571
24878657
24888920
24884886
25027032
24936150
24970822
24813807
24915343
24818394
24790664
24881757
24844744
24793745
24792582
24864004
24904659

