[config]
variant=rsqrt
n_particles=50000
n_steps=50
dt=1.000000000e-04
eps=5.000000000e-02
G=1.000000000e+00
mass=1.000000000e+00
max_relative_energy_drift=3.078036939e-05
energy_tolerance=1.000000000e-03

[one-time]
reading_time=1.396749169e-03
writing_time=0.000000000e+00
initial_energy_time=4.029007589e+00

[total_step]
1.169059576e+00
1.168238941e+00
1.168401081e+00
1.168305133e+00
1.168251851e+00
1.168382912e+00
1.168306111e+00
1.168280431e+00
1.168388852e+00
1.168757794e+00
1.168381681e+00
1.168189051e+00
1.168098550e+00
1.168286532e+00
1.168151720e+00
1.168049000e+00
1.168638064e+00
1.168114220e+00
1.168123560e+00
1.168018169e+00
1.168063700e+00
1.168211642e+00
1.168216990e+00
1.168176400e+00
1.168197880e+00
1.168104869e+00
1.167966689e+00
1.167800899e+00
1.167563246e+00
1.168110451e+00
1.167899969e+00
1.167949201e+00
1.167586737e+00
1.168304170e+00
1.168219111e+00
1.168169520e+00
1.168106160e+00
1.168767774e+00
1.169054616e+00
1.169457047e+00
1.169795941e+00
1.169570229e+00
1.170285814e+00
1.169959591e+00
1.169100616e+00
1.169006035e+00
1.168935374e+00
1.168778244e+00
1.168789454e+00
1.168861705e+00

[first_drift]
7.334072143e-05
4.314072430e-05
4.357937723e-05
4.340056330e-05
4.411954433e-05
4.414096475e-05
4.303082824e-05
4.344992340e-05
4.355981946e-05
4.972983152e-05
4.339031875e-05
4.312023520e-05
4.325062037e-05
4.331115633e-05
4.349090159e-05
4.351139069e-05
4.381034523e-05
5.349144340e-05
4.347041249e-05
4.338007420e-05
4.340149462e-05
4.294980317e-05
4.357937723e-05
4.356075078e-05
4.336982965e-05
4.373025149e-05
4.342943430e-05
4.308950156e-05
4.340987653e-05
4.347041249e-05
4.368089139e-05
4.332140088e-05
4.340987653e-05
4.375074059e-05
4.338100553e-05
4.370044917e-05
4.337076098e-05
4.365015775e-05
4.328042269e-05
4.358962178e-05
4.411023110e-05
4.353094846e-05
4.319008440e-05
4.338938743e-05
4.368927330e-05
4.344992340e-05
4.330091178e-05
4.336051643e-05
4.341080785e-05
4.292093217e-05

[force]
1.168876864e+00
1.168085470e+00
1.168242841e+00
1.168152221e+00
1.168097930e+00
1.168218350e+00
1.168152790e+00
1.168127571e+00
1.168236662e+00
1.168595633e+00
1.168228390e+00
1.168034390e+00
1.167945269e+00
1.168133640e+00
1.167997559e+00
1.167894758e+00
1.168464432e+00
1.167950958e+00
1.167970029e+00
1.167866419e+00
1.167909748e+00
1.168053610e+00
1.168063981e+00
1.168023580e+00
1.168046068e+00
1.167950119e+00
1.167814078e+00
1.167648117e+00
1.167405186e+00
1.167958070e+00
1.167742128e+00
1.167791568e+00
1.167434745e+00
1.168149491e+00
1.168066748e+00
1.168015630e+00
1.167953699e+00
1.168614333e+00
1.168903125e+00
1.169302947e+00
1.169641620e+00
1.169403076e+00
1.170134033e+00
1.169808120e+00
1.168945545e+00
1.168855105e+00
1.168782804e+00
1.168624153e+00
1.168637224e+00
1.168708293e+00

[kick]
6.628129631e-05
6.699934602e-05
7.139984518e-05
6.604939699e-05
6.642006338e-05
6.741005927e-05
6.680097431e-05
6.605964154e-05
6.516929716e-05
6.899982691e-05
6.707105786e-05
6.769970059e-05
6.688944995e-05
6.668083370e-05
6.768014282e-05
6.711110473e-05
6.940122694e-05
6.696116179e-05
6.661098450e-05
6.476975977e-05
6.707105786e-05
7.046945393e-05
6.579980254e-05
6.575975567e-05
6.509106606e-05
6.825011224e-05
6.608013064e-05
6.686151028e-05
7.161032408e-05
6.558932364e-05
7.115956396e-05
7.038936019e-05
6.561074406e-05
6.719958037e-05
6.565172225e-05
6.688944995e-05
6.619095802e-05
6.684102118e-05
6.508082151e-05
6.744172424e-05
6.631016731e-05
7.976125926e-05
6.501004100e-05
6.500072777e-05
6.779097021e-05
6.448011845e-05
6.609968841e-05
6.722006947e-05
6.585009396e-05
6.746128201e-05

[second_drift]
4.298985004e-05
4.328135401e-05
4.321057349e-05
4.340987653e-05
4.333071411e-05
5.295127630e-05
4.343036562e-05
4.329998046e-05
4.341173917e-05
4.338100553e-05
4.278030246e-05
4.379078746e-05
4.309043288e-05
4.283990711e-05
4.294048995e-05
4.355981946e-05
6.034038961e-05
4.275981337e-05
4.340056330e-05
4.348997027e-05
4.342943430e-05
4.456099123e-05
4.358030856e-05
4.345085472e-05
4.325993359e-05
4.272069782e-05
4.304107279e-05
4.277005792e-05
4.298985004e-05
4.321057349e-05
4.294980317e-05
4.388112575e-05
4.286970943e-05
4.359986633e-05
4.327017814e-05
4.320032895e-05
4.284922034e-05
4.290044308e-05
4.306994379e-05
4.296936095e-05
4.384014755e-05
4.381034523e-05
4.347134382e-05
4.296004772e-05
4.350021482e-05
4.294048995e-05
4.308018833e-05
4.346016794e-05
4.292000085e-05
4.293955863e-05

