[config]
variant=rsqrt
n_particles=50000
n_steps=50
dt=1.000000000e-04
eps=5.000000000e-02
G=1.000000000e+00
mass=1.000000000e+00
max_relative_energy_drift=0.000000000e+00
energy_tolerance=1.000000000e-03

[one-time]
reading_time=1.669388002e-03
writing_time=0.000000000e+00
initial_energy_time=4.034924398e+00
total_run_time=5.850496252e+01

[total_step]
1.009347947e+00
1.008974352e+00
1.008718590e+00
1.008682530e+00
1.008574228e+00
1.009230415e+00
1.008758710e+00
1.008834911e+00
1.008587038e+00
1.008806811e+00
1.008664349e+00
1.008725049e+00
1.008614909e+00
1.008808691e+00
1.008695499e+00
1.008770040e+00
1.008679099e+00
1.008747860e+00
1.008622501e+00
1.008747300e+00
1.008571707e+00
1.008724130e+00
1.008671939e+00
1.008667609e+00
1.008686739e+00
1.008856461e+00
1.008783090e+00
1.008890021e+00
1.009304776e+00
1.008810700e+00
1.008787520e+00
1.008809021e+00
1.008730749e+00
1.008680659e+00
1.008678319e+00
1.008685119e+00
1.008607229e+00
1.008899322e+00
1.008616348e+00
1.008629659e+00
1.008689959e+00
1.008650049e+00
1.008622798e+00
1.008754470e+00
1.008608698e+00
1.008721680e+00
1.008670269e+00
1.008695529e+00
1.008612788e+00
1.008685679e+00

[first_drift]
7.198099047e-05
4.277998232e-05
4.362000618e-05
4.302102025e-05
4.349998198e-05
4.363100743e-05
4.324098700e-05
4.281097790e-05
4.354098928e-05
4.321101005e-05
4.307998461e-05
5.052000051e-05
4.350100062e-05
4.285099567e-05
4.319997970e-05
4.302998423e-05
4.357099533e-05
4.352099495e-05
4.300099681e-05
4.332998651e-05
4.370999523e-05
5.607097410e-05
4.320000880e-05
4.314997932e-05
4.367998918e-05
4.328100476e-05
4.353001714e-05
4.352099495e-05
4.294098471e-05
4.318100400e-05
4.320999142e-05
4.340999294e-05
4.938000347e-05
4.357000580e-05
4.304101458e-05
4.288100172e-05
4.276100663e-05
4.315099795e-05
4.292000085e-05
4.367099609e-05
4.297998385e-05
4.308999632e-05
4.319101572e-05
4.344098852e-05
4.289098433e-05
4.305099719e-05
4.360001185e-05
4.339998122e-05
4.283100134e-05
4.358001752e-05

[force]
1.009167005e+00
1.008821971e+00
1.008566548e+00
1.008529567e+00
1.008416746e+00
1.009075653e+00
1.008601058e+00
1.008682939e+00
1.008432496e+00
1.008653718e+00
1.008512017e+00
1.008566578e+00
1.008463246e+00
1.008655769e+00
1.008544178e+00
1.008615469e+00
1.008527577e+00
1.008588708e+00
1.008470249e+00
1.008594188e+00
1.008419446e+00
1.008559808e+00
1.008520058e+00
1.008508797e+00
1.008534548e+00
1.008704409e+00
1.008628549e+00
1.008735439e+00
1.009150454e+00
1.008657818e+00
1.008635079e+00
1.008657349e+00
1.008573398e+00
1.008528668e+00
1.008519307e+00
1.008532507e+00
1.008456136e+00
1.008747120e+00
1.008464227e+00
1.008475287e+00
1.008537778e+00
1.008496388e+00
1.008471066e+00
1.008602578e+00
1.008457146e+00
1.008568308e+00
1.008518208e+00
1.008541038e+00
1.008461416e+00
1.008531548e+00

[kick]
6.615999155e-05
6.566999946e-05
6.555099390e-05
6.702099927e-05
7.049099077e-05
6.723101251e-05
7.150101010e-05
6.608100375e-05
6.768101593e-05
6.683100946e-05
6.605102681e-05
6.465098704e-05
6.539101014e-05
6.654098979e-05
6.523099728e-05
6.718101213e-05
6.484100595e-05
6.667099660e-05
6.617998588e-05
6.552101695e-05
6.565099466e-05
6.491999375e-05
6.568999379e-05
6.703101099e-05
6.548999227e-05
6.554997526e-05
6.732100155e-05
6.760098040e-05
6.809100159e-05
6.691101589e-05
6.612000288e-05
6.492098328e-05
6.481001037e-05
6.515099085e-05
7.297002594e-05
6.667099660e-05
6.530102110e-05
6.612099241e-05
6.541100447e-05
6.722001126e-05
6.610999117e-05
6.680001388e-05
6.553099956e-05
6.540099275e-05
6.575102452e-05
6.720100646e-05
6.560099428e-05
6.718101213e-05
6.576100714e-05
6.659000064e-05

[second_drift]
4.276100663e-05
4.388100933e-05
4.282000009e-05
4.287099000e-05
4.327099305e-05
4.384998465e-05
4.286097828e-05
4.302998423e-05
4.313999671e-05
4.300099681e-05
4.315099795e-05
4.325000918e-05
4.271999933e-05
4.347000504e-05
4.283999442e-05
4.417999298e-05
4.305999028e-05
4.877001629e-05
4.297101987e-05
4.420999903e-05
4.285000614e-05
4.327099305e-05
4.294098471e-05
4.858098691e-05
4.296100815e-05
4.317102139e-05
4.337000428e-05
4.341002204e-05
4.323999747e-05
4.274098319e-05
4.306100891e-05
4.328100476e-05
4.311100929e-05
4.322000314e-05
4.294098471e-05
4.283001181e-05
4.285998875e-05
4.288001219e-05
4.362000618e-05
4.329098738e-05
4.303100286e-05
4.372099647e-05
4.270000500e-05
4.300000728e-05
4.286097828e-05
4.307000199e-05
4.280998837e-05
4.385999637e-05
4.273100058e-05
4.391098628e-05

[papi_cycles]
4316230332
4316196588
4316160672
4316077437
4316096980
4316211578
4316202999
4316186777
4316379302
4316418735
4316153851
4316238597
4316199028
4316499954
4316272400
4316313297
4316255175
4316291076
4316221171
4316240470
4316048255
4316241803
4316099436
4316023849
4316281004
4316204126
4316280026
4316241675
4316246339
4316096391
4316109152
4316362763
4316185713
4316161436
4316234207
4316353374
4316274238
4316299877
4316114502
4316062486
4316236426
4316463659
4316228545
4316476121
4315973750
4316297179
4316255592
4316340141
4316296910
4316141561

[papi_instructions]
8125089772
8125088845
8125088839
8125088840
8125088841
8125088844
8125088843
8125088839
8125088840
8125088840
8125088842
8125088839
8125088840
8125088842
8125088840
8125088841
8125088841
8125088840
8125088840
8125088840
8125088839
8125088841
8125088843
8125088839
8125088840
8125088840
8125088841
8125088844
8125088839
8125088840
8125088841
8125088841
8125088840
8125088840
8125088840
8125088839
8125088840
8125088840
8125088841
8125088840
8125088842
8125088839
8125088842
8125088842
8125088840
8125088840
8125088841
8125088840
8125088840
8125088843

[papi_l1_dcm]
117439351
117438748
117438008
117438245
117437441
117436310
117437708
117437238
117438600
117438357
117438374
117439047
117438407
117437864
117438661
117438011
117435737
117437115
117437759
117436198
117436847
117437512
117438959
117438073
117438439
117438208
117437509
117438955
117436587
117436982
117439030
117437045
117437028
117438567
117438123
117438112
117437718
117436890
117438928
117437555
117436442
117440375
117437463
117436423
117437922
117437846
117437792
117439439
117437280
117437627

[papi_l2_dcm]
1780869
1785931
1787292
1792699
1789727
1786075
1787457
1784893
1787037
1784216
1793984
1790885
1795631
1784857
1787125
1785764
1787852
1789820
1787842
1791443
1789130
1785719
1785463
1790776
1789387
1788661
1786730
1789030
1788347
1794698
1787537
1788788
1786744
1788493
1789277
1789624
1793747
1788153
1789938
1782288
1791980
1791989
1787865
1790667
1788376
1794441
1786117
1786731
1787113
1791799

