[config]
variant=rsqrt
n_particles=50000
n_steps=50
dt=1.000000000e-04
eps=5.000000000e-02
G=1.000000000e+00
mass=1.000000000e+00
max_relative_energy_drift=0.000000000e+00
energy_tolerance=1.000000000e-03

[one-time]
reading_time=1.493646007e-03
writing_time=0.000000000e+00
initial_energy_time=4.031899026e+00
total_run_time=5.843971691e+01

[total_step]
1.008567407e+00
1.007875961e+00
1.007653968e+00
1.007572927e+00
1.007646448e+00
1.007391485e+00
1.008123333e+00
1.007590057e+00
1.007548187e+00
1.007681129e+00
1.007479706e+00
1.007447525e+00
1.007546587e+00
1.007399355e+00
1.007453016e+00
1.007400345e+00
1.007554247e+00
1.007505957e+00
1.007410675e+00
1.007384185e+00
1.007539537e+00
1.007397055e+00
1.007519897e+00
1.007460076e+00
1.007581877e+00
1.007429826e+00
1.007571857e+00
1.007520907e+00
1.007694479e+00
1.008055203e+00
1.007633698e+00
1.007437186e+00
1.007573647e+00
1.007449576e+00
1.007579448e+00
1.007478456e+00
1.007506847e+00
1.007410595e+00
1.007614778e+00
1.007621478e+00
1.007620137e+00
1.007506707e+00
1.007566707e+00
1.007639688e+00
1.007577307e+00
1.007496317e+00
1.007607018e+00
1.007511997e+00
1.007564567e+00
1.007488186e+00

[first_drift]
6.908000796e-05
4.390100366e-05
4.384998465e-05
4.425100633e-05
4.382099723e-05
4.881099449e-05
4.398002056e-05
4.387000808e-05
4.386098590e-05
4.407099914e-05
4.336101119e-05
4.395001451e-05
4.335999256e-05
4.414998693e-05
4.337000428e-05
4.397000885e-05
4.344098852e-05
4.405100481e-05
4.355001147e-05
4.384102067e-05
4.344101762e-05
4.325999180e-05
4.356101272e-05
4.380999599e-05
4.360001185e-05
4.391101538e-05
4.330999218e-05
4.407999222e-05
4.400100443e-05
4.375100252e-05
4.358001752e-05
4.432001151e-05
4.413098213e-05
4.401101614e-05
4.353100667e-05
4.354998237e-05
4.381002509e-05
4.419000470e-05
4.417001037e-05
4.394000280e-05
4.973000614e-05
4.400100443e-05
4.359998275e-05
4.382999032e-05
4.369998351e-05
4.348100629e-05
4.381101462e-05
5.071097985e-05
4.370001261e-05
4.406998050e-05

[force]
1.008387516e+00
1.007716739e+00
1.007498857e+00
1.007417885e+00
1.007492286e+00
1.007234253e+00
1.007964911e+00
1.007422466e+00
1.007394915e+00
1.007527066e+00
1.007326355e+00
1.007293814e+00
1.007393445e+00
1.007245424e+00
1.007299455e+00
1.007241024e+00
1.007400855e+00
1.007345424e+00
1.007258564e+00
1.007229373e+00
1.007386105e+00
1.007243913e+00
1.007366354e+00
1.007305885e+00
1.007429126e+00
1.007275984e+00
1.007417836e+00
1.007366775e+00
1.007539857e+00
1.007901210e+00
1.007480546e+00
1.007282594e+00
1.007418635e+00
1.007294264e+00
1.007424505e+00
1.007325515e+00
1.007350475e+00
1.007256414e+00
1.007455517e+00
1.007466686e+00
1.007458926e+00
1.007346665e+00
1.007412616e+00
1.007484347e+00
1.007423276e+00
1.007343154e+00
1.007452396e+00
1.007350984e+00
1.007405596e+00
1.007334855e+00

[kick]
6.632099394e-05
7.179001113e-05
6.675100303e-05
6.695100456e-05
6.640100037e-05
6.494097761e-05
6.924098125e-05
8.023099508e-05
6.560099428e-05
6.635099999e-05
6.637998740e-05
6.549098180e-05
6.570099504e-05
6.613999722e-05
6.628999836e-05
6.651101285e-05
6.570099504e-05
7.214100333e-05
6.519097951e-05
6.608100375e-05
6.632099394e-05
6.607099203e-05
6.591100828e-05
6.695999764e-05
6.569101242e-05
6.630001008e-05
6.605000817e-05
6.659101928e-05
6.674099131e-05
6.681098603e-05
6.616101018e-05
6.642099470e-05
6.690100417e-05
6.722100079e-05
6.702099927e-05
6.551999832e-05
6.749102613e-05
6.571001722e-05
7.129000733e-05
6.664099055e-05
6.726098945e-05
7.114998880e-05
6.689998554e-05
6.679000217e-05
6.635099999e-05
6.604101509e-05
6.612099241e-05
6.660100189e-05
7.181099500e-05
6.540099275e-05

[second_drift]
4.444000660e-05
4.348100629e-05
4.446998355e-05
4.376997822e-05
4.388001980e-05
4.343100591e-05
4.515101318e-05
4.342000466e-05
4.375999561e-05
4.359000013e-05
4.355100100e-05
4.420999903e-05
4.389099195e-05
4.359101877e-05
4.384099157e-05
4.865997471e-05
4.400999751e-05
4.414099385e-05
4.331002128e-05
4.485002137e-05
4.362000618e-05
4.377099685e-05
4.402099876e-05
4.337102291e-05
4.340001033e-05
4.343100591e-05
4.461099161e-05
4.340999294e-05
4.383001942e-05
4.338100553e-05
4.335999256e-05
4.366002395e-05
4.392000847e-05
4.402999184e-05
4.434099537e-05
4.382099723e-05
4.501099465e-05
4.421098856e-05
4.375100252e-05
4.416101729e-05
4.417001037e-05
4.458101466e-05
4.354101839e-05
4.454099690e-05
4.393002018e-05
4.358097794e-05
4.464000813e-05
4.365100176e-05
4.340001033e-05
4.381002509e-05

[papi_cycles]
4311299545
4311083027
4310996447
4311148716
4311118066
4310946168
4311030405
4311038639
4311019440
4310965574
4310890976
4311066283
4311033739
4310911860
4311109311
4311070096
4311158142
4311063421
4310990083
4311023236
4310939740
4310990209
4311085402
4310960834
4310954754
4311085583
4310904863
4310914872
4311100755
4311074088
4311126291
4310887333
4311012845
4310977224
4310980286
4311076597
4310961657
4311011311
4311051554
4311019760
4310915202
4311018316
4311123671
4311103553
4311072550
4311048156
4311036896
4311096378
4310982161
4310814472

[papi_instructions]
8125089773
8125088843
8125088840
8125088839
8125088839
8125088838
8125088844
8125088840
8125088839
8125088841
8125088838
8125088839
8125088840
8125088839
8125088838
8125088839
8125088839
8125088844
8125088838
8125088838
8125088750
8125088838
8125088839
8125088838
8125088841
8125088838
8125088841
8125088840
8125088840
8125088839
8125088839
8125088839
8125088839
8125088838
8125088841
8125088841
8125088839
8125088838
8125088839
8125088839
8125088839
8125088838
8125088838
8125088840
8125088840
8125088839
8125088840
8125088839
8125088838
8125088840

[papi_l1_dcm]
117403906
117415923
117415500
117415621
117416511
117414248
117416415
117417498
117414995
117415910
117414822
117415879
117416877
117416168
117416092
117417042
117415951
117417471
117416382
117416680
117416442
117416681
117417161
117416721
117415653
117415709
117414916
117417233
117413304
117416923
117420633
117414252
117415021
117415190
117415082
117415932
117415649
117416508
117416449
117416530
117416695
117415781
117416290
117416392
117415385
117417149
117415459
117416472
117416170
117413664

[papi_l2_dcm]
1810743
1830552
1832403
1831304
1819800
1836651
1821371
1816347
1820784
1816966
1824180
1830671
1820444
1818249
1832570
1834249
1825889
1838374
1829308
1832203
1821952
1831923
1827131
1827996
1831236
1819014
1819673
1824338
1826527
1818608
1853353
1817818
1824528
1824198
1818586
1825786
1821730
1820678
1819239
1823069
1823655
1835647
1824432
1829199
1817515
1824670
1829790
1832929
1825816
1824461

