[config]
variant=rsqrt
n_particles=50000
n_steps=50
dt=1.000000000e-04
eps=5.000000000e-02
G=1.000000000e+00
mass=1.000000000e+00
max_relative_energy_drift=3.078036940e-05
energy_tolerance=1.000000000e-03

[one-time]
reading_time=1.328969374e-03
writing_time=0.000000000e+00
initial_energy_time=4.026222636e+00

[total_step]
1.167008827e+00
1.166579334e+00
1.166323751e+00
1.166549505e+00
1.166478262e+00
1.166552753e+00
1.166612434e+00
1.166655554e+00
1.166721635e+00
1.166783295e+00
1.166736125e+00
1.166689804e+00
1.166649183e+00
1.166601462e+00
1.166625134e+00
1.167207288e+00
1.166666443e+00
1.166700174e+00
1.166716004e+00
1.166616214e+00
1.166546873e+00
1.167072508e+00
1.166664135e+00
1.166637863e+00
1.166615725e+00
1.166642074e+00
1.166795914e+00
1.166620445e+00
1.166605733e+00
1.166627274e+00
1.166494983e+00
1.166742324e+00
1.166620804e+00
1.166614553e+00
1.166641503e+00
1.166620485e+00
1.166608093e+00
1.166528222e+00
1.166882676e+00
1.166673355e+00
1.166850965e+00
1.166696355e+00
1.166860864e+00
1.167108767e+00
1.166909535e+00
1.166821996e+00
1.166678884e+00
1.167217968e+00
1.166915616e+00
1.166711914e+00

[first_drift]
7.235165685e-05
4.344154149e-05
4.737917334e-05
4.353094846e-05
4.351139069e-05
4.367064685e-05
4.350952804e-05
4.349090159e-05
4.342105240e-05
4.343967885e-05
4.350114614e-05
4.336051643e-05
4.294048995e-05
4.339963198e-05
4.347972572e-05
4.698988050e-05
4.334002733e-05
4.330929369e-05
4.310067743e-05
4.353001714e-05
4.355981946e-05
4.342012107e-05
4.339963198e-05
4.336051643e-05
4.343129694e-05
4.341080785e-05
4.317983985e-05
4.342105240e-05
4.365947098e-05
4.347972572e-05
4.336051643e-05
4.346016794e-05
4.351045936e-05
4.353933036e-05
4.289019853e-05
4.348997027e-05
4.424992949e-05
4.377961159e-05
4.393979907e-05
4.351045936e-05
4.312023520e-05
4.742015153e-05
4.313047975e-05
4.347134382e-05
4.342105240e-05
4.350021482e-05
4.278123379e-05
4.382152110e-05
4.332140088e-05
4.352070391e-05

[force]
1.166827004e+00
1.166427432e+00
1.166168070e+00
1.166396362e+00
1.166325441e+00
1.166399062e+00
1.166459774e+00
1.166504742e+00
1.166568773e+00
1.166631094e+00
1.166582033e+00
1.166530673e+00
1.166496812e+00
1.166448282e+00
1.166473683e+00
1.167049587e+00
1.166514633e+00
1.166547894e+00
1.166563934e+00
1.166463013e+00
1.166394272e+00
1.166920517e+00
1.166511043e+00
1.166484851e+00
1.166464482e+00
1.166486733e+00
1.166643693e+00
1.166468062e+00
1.166449002e+00
1.166472313e+00
1.166342551e+00
1.166590923e+00
1.166466782e+00
1.166462483e+00
1.166489542e+00
1.166468873e+00
1.166450012e+00
1.166375992e+00
1.166729066e+00
1.166520983e+00
1.166698554e+00
1.166538663e+00
1.166709184e+00
1.166957336e+00
1.166757913e+00
1.166670165e+00
1.166521003e+00
1.167066096e+00
1.166762414e+00
1.166558344e+00

[kick]
6.609037519e-05
6.535090506e-05
6.478093565e-05
6.528012455e-05
6.601121277e-05
6.639026105e-05
6.549991667e-05
6.435066462e-05
6.643123925e-05
6.525963545e-05
6.615091115e-05
7.259938866e-05
6.610155106e-05
6.622076035e-05
6.452109665e-05
6.779003888e-05
6.565079093e-05
6.590969861e-05
6.505008787e-05
6.601028144e-05
6.527081132e-05
6.541982293e-05
6.643030792e-05
6.601121277e-05
6.461981684e-05
6.892997772e-05
6.547104567e-05
6.528105587e-05
6.963126361e-05
6.770063192e-05
6.613042206e-05
6.430037320e-05
6.677024066e-05
6.574019790e-05
6.574019790e-05
6.482005119e-05
6.666034460e-05
6.437115371e-05
6.601028144e-05
6.571039557e-05
6.584171206e-05
6.663054228e-05
6.532110274e-05
6.499979645e-05
6.458163261e-05
6.478000432e-05
7.140077651e-05
6.492994726e-05
6.623100489e-05
6.581936032e-05

[second_drift]
4.332978278e-05
4.306063056e-05
4.339963198e-05
4.427134991e-05
4.320032895e-05
4.358030856e-05
4.354957491e-05
4.292000085e-05
4.296004772e-05
4.344992340e-05
4.438962787e-05
4.298146814e-05
4.327949136e-05
4.346016794e-05
4.340056330e-05
4.285108298e-05
4.277005792e-05
4.296097904e-05
4.386994988e-05
4.354119301e-05
4.371069372e-05
4.304945469e-05
4.317145795e-05
4.357006401e-05
4.308111966e-05
4.294980317e-05
4.351977259e-05
4.362035543e-05
4.339031875e-05
4.373025149e-05
4.289112985e-05
4.358030856e-05
4.369113594e-05
4.270114005e-05
4.328042269e-05
4.324130714e-05
4.706066102e-05
4.401057959e-05
4.360917956e-05
4.310067743e-05
4.339963198e-05
4.358962178e-05
4.317983985e-05
4.291068763e-05
4.350952804e-05
4.349928349e-05
4.365015775e-05
4.307087511e-05
4.359986633e-05
4.418008029e-05

