[config]
variant=rsqrt
n_particles=50000
n_steps=50
dt=1.000000000e-04
eps=5.000000000e-02
G=1.000000000e+00
mass=1.000000000e+00
max_relative_energy_drift=0.000000000e+00
energy_tolerance=1.000000000e-03

[one-time]
reading_time=1.498845988e-03
writing_time=0.000000000e+00
initial_energy_time=4.029981976e+00
total_run_time=5.847863890e+01

[total_step]
1.008904791e+00
1.009267135e+00
1.008293915e+00
1.008221085e+00
1.008178003e+00
1.008328126e+00
1.008330755e+00
1.008241424e+00
1.008693670e+00
1.008220324e+00
1.008446966e+00
1.008218554e+00
1.008144934e+00
1.008311635e+00
1.008100123e+00
1.008305325e+00
1.008191304e+00
1.008266265e+00
1.008230185e+00
1.008328075e+00
1.008163884e+00
1.008289474e+00
1.008181824e+00
1.008205094e+00
1.008101913e+00
1.008271035e+00
1.008279205e+00
1.008208823e+00
1.008190324e+00
1.008351636e+00
1.008114632e+00
1.008876342e+00
1.008132063e+00
1.008283605e+00
1.008175793e+00
1.008246215e+00
1.008086762e+00
1.008287535e+00
1.008126684e+00
1.008234494e+00
1.008276014e+00
1.008333616e+00
1.008234764e+00
1.008279065e+00
1.008137653e+00
1.008260745e+00
1.008122463e+00
1.008149223e+00
1.008242855e+00
1.008290205e+00

[first_drift]
7.196099614e-05
4.295099643e-05
4.291097866e-05
4.298100248e-05
4.305999028e-05
4.326098133e-05
4.282998270e-05
4.298100248e-05
4.301100853e-05
4.375999561e-05
4.285998875e-05
4.968099529e-05
4.357099533e-05
4.325999180e-05
4.326002090e-05
4.370999523e-05
4.387999070e-05
4.353001714e-05
4.358100705e-05
4.372000694e-05
4.309101496e-05
4.282000009e-05
4.327099305e-05
4.374099080e-05
4.300099681e-05
4.312000237e-05
4.326997441e-05
4.342998727e-05
4.310000804e-05
4.909100244e-05
4.338999861e-05
4.347102367e-05
4.284002353e-05
4.285998875e-05
4.305000766e-05
4.341101157e-05
4.341002204e-05
4.306100891e-05
4.321101005e-05
4.320999142e-05
4.280998837e-05
4.307099152e-05
4.365100176e-05
4.313100362e-05
4.333999823e-05
4.381098552e-05
4.391997936e-05
4.386101500e-05
4.309098586e-05
4.369998351e-05

[force]
1.008723589e+00
1.009111053e+00
1.008142063e+00
1.008068153e+00
1.008026292e+00
1.008170243e+00
1.008178074e+00
1.008088132e+00
1.008538927e+00
1.008067053e+00
1.008295105e+00
1.008058922e+00
1.007992572e+00
1.008157964e+00
1.007947802e+00
1.008142274e+00
1.008039513e+00
1.008113913e+00
1.008076182e+00
1.008151594e+00
1.008011742e+00
1.008136763e+00
1.008029492e+00
1.008052092e+00
1.007943031e+00
1.008118204e+00
1.008126833e+00
1.008055432e+00
1.008039043e+00
1.008192553e+00
1.007960871e+00
1.008722650e+00
1.007979792e+00
1.008131063e+00
1.008023062e+00
1.008093113e+00
1.007935271e+00
1.008134353e+00
1.007972982e+00
1.008081163e+00
1.008123693e+00
1.008180914e+00
1.008081192e+00
1.008117623e+00
1.007985172e+00
1.008105533e+00
1.007968812e+00
1.007995331e+00
1.008090313e+00
1.008134534e+00

[kick]
6.618100451e-05
6.451099762e-05
6.507098442e-05
6.710999878e-05
6.551100523e-05
6.579101318e-05
6.613100413e-05
6.623100489e-05
6.794100045e-05
6.598100299e-05
6.588097312e-05
6.595099694e-05
6.569101242e-05
6.629998097e-05
6.535998546e-05
7.599100354e-05
6.464999751e-05
6.519100862e-05
6.608100375e-05
8.958100807e-05
6.596997264e-05
6.704099360e-05
6.585102528e-05
6.611098070e-05
6.592000136e-05
6.630999269e-05
6.567098899e-05
6.648100680e-05
6.493099499e-05
6.588097312e-05
6.702099927e-05
6.645999383e-05
6.600099732e-05
6.656101323e-05
6.642099470e-05
6.680100341e-05
6.464100443e-05
6.669099093e-05
6.699000369e-05
6.612000288e-05
6.671098527e-05
6.652099546e-05
6.650100113e-05
6.730100722e-05
6.616101018e-05
6.839999696e-05
6.663097884e-05
6.616101018e-05
6.543000927e-05
6.797999959e-05

[second_drift]
4.301001900e-05
4.836998414e-05
4.381101462e-05
4.279101267e-05
4.295000690e-05
4.878098844e-05
4.328001523e-05
4.403002094e-05
4.374099080e-05
4.348001676e-05
4.306001938e-05
4.375999561e-05
4.290998913e-05
4.392099800e-05
4.365100176e-05
4.328999785e-05
4.308100324e-05
4.358001752e-05
4.416098818e-05
4.298999556e-05
4.302102025e-05
4.277998232e-05
4.315999104e-05
4.285000614e-05
4.990102025e-05
4.330099910e-05
4.338100553e-05
4.342998727e-05
4.320000880e-05
4.380001337e-05
4.315999104e-05
4.370100214e-05
4.337998689e-05
4.307099152e-05
4.308001371e-05
4.283999442e-05
4.338999861e-05
4.337998689e-05
4.330099910e-05
4.354101839e-05
4.275099491e-05
4.305999028e-05
4.320999142e-05
5.095999222e-05
4.293001257e-05
4.295099643e-05
4.305000766e-05
4.381997860e-05
4.383100895e-05
4.377099685e-05

[papi_cycles]
4314285968
4313993166
4314071065
4313870180
4313913057
4314092691
4313931914
4313931843
4313959250
4313732205
4314033773
4313828012
4313929644
4314017345
4313820114
4313883002
4314082637
4313845817
4313903680
4314061421
4313739728
4313950744
4314097705
4313974639
4313974987
4314014883
4314079691
4313806022
4313870335
4313905546
4313814973
4313978547
4314015300
4314071109
4313912388
4314014748
4313747473
4313930551
4313879063
4313734425
4313866022
4314212727
4313876104
4313914504
4313935139
4314038792
4314096236
4313843751
4314065981
4314255203

[papi_instructions]
8125089770
8125088847
8125088839
8125088839
8125088843
8125088840
8125088841
8125088839
8125088843
8125088840
8125088841
8125088839
8125088839
8125088842
8125088839
8125088841
8125088839
8125088841
8125088839
8125088839
8125088840
8125088840
8125088841
8125088840
8125088838
8125088840
8125088842
8125088842
8125088838
8125088841
8125088841
8125088839
8125088840
8125088841
8125088839
8125088840
8125088839
8125088841
8125088839
8125088841
8125088840
8125088840
8125088841
8125088839
8125088839
8125088840
8125088839
8125088839
8125088842
8125088842

[papi_l1_dcm]
117420234
117452428
117450465
117449508
117451471
117451913
117450131
117450224
117453003
117452775
117451414
117452453
117451261
117453598
117452677
117453925
117450737
117454263
117452487
117452663
117453076
117454905
117453346
117451263
117451400
117453021
117454440
117450673
117452067
117453339
117453211
117451590
117451030
117453567
117452982
117452795
117452112
117452060
117452632
117451829
117452224
117453078
117451628
117453503
117452167
117451864
117452906
117452404
117453496
117452814

[papi_l2_dcm]
1826510
1826271
1831071
1836232
1833261
1831697
1833953
1828515
1832189
1829644
1826686
1835310
1826833
1830974
1832808
1823194
1828877
1832185
1832430
1831469
1834467
1824864
1833357
1828351
1829582
1827116
1831867
1827048
1835131
1830126
1824850
1835492
1838247
1833887
1837150
1834302
1835280
1827888
1836430
1836658
1829281
1832912
1827765
1827054
1830573
1820386
1823926
1829053
1831731
1836474

