[config]
variant=blocking-newton3rd
n_particles=50000
n_steps=50
dt=1.000000000e-04
eps=5.000000000e-02
G=1.000000000e+00
mass=1.000000000e+00
max_relative_energy_drift=3.699530701e-07
energy_tolerance=1.000000000e-03

[one-time]
reading_time=1.320101321e-03
writing_time=0.000000000e+00
initial_energy_time=4.038682458e+00
total_run_time=6.167880039e+01

[total_step]
1.069929679e+00
1.069598766e+00
1.077499614e+00
1.069614136e+00
1.069890219e+00
1.070806826e+00
1.078534801e+00
1.070451134e+00
1.070660295e+00
1.078082938e+00
1.070548994e+00
1.070424054e+00
1.072519981e+00
1.076629276e+00
1.070581445e+00
1.070693236e+00
1.077512943e+00
1.070254162e+00
1.070144292e+00
1.076556925e+00
1.070422704e+00
1.070271702e+00
1.075739269e+00
1.071369922e+00
1.070382863e+00
1.070299513e+00
1.075809428e+00
1.070155981e+00
1.070473934e+00
1.075802479e+00
1.070270292e+00
1.070293972e+00
1.075588147e+00
1.070209192e+00
1.070812336e+00
1.076449124e+00
1.070489643e+00
1.070030070e+00
1.071380702e+00
1.074672129e+00
1.070139201e+00
1.070307584e+00
1.075811009e+00
1.070304442e+00
1.070185022e+00
1.070457903e+00
1.070453994e+00
1.075689538e+00
1.070413044e+00
1.075232465e+00

[first_drift]
6.958004087e-05
4.335027188e-05
4.351139069e-05
4.355981946e-05
4.340056330e-05
4.330091178e-05
4.359986633e-05
4.360917956e-05
4.331022501e-05
4.356075078e-05
4.356168211e-05
4.346948117e-05
4.346109927e-05
4.430115223e-05
4.346948117e-05
4.375074059e-05
4.354026169e-05
4.334095865e-05
4.336144775e-05
4.341080785e-05
4.338007420e-05
4.365108907e-05
4.343129694e-05
4.344992340e-05
4.354119301e-05
4.335120320e-05
4.860945046e-05
4.366040230e-05
4.332046956e-05
4.336051643e-05
4.331022501e-05
4.335027188e-05
4.336144775e-05
4.370138049e-05
4.338007420e-05
4.368089139e-05
4.357006401e-05
4.337076098e-05
4.331115633e-05
4.426017404e-05
4.334002733e-05
4.332046956e-05
4.357006401e-05
4.331022501e-05
4.831980914e-05
4.334002733e-05
4.360079765e-05
4.357006401e-05
4.350952804e-05
4.335120320e-05

[force]
1.069729758e+00
1.069422935e+00
1.077329572e+00
1.069441785e+00
1.069711887e+00
1.070638575e+00
1.078361101e+00
1.070279974e+00
1.070489714e+00
1.077908486e+00
1.070375303e+00
1.070253152e+00
1.072342199e+00
1.076456745e+00
1.070406763e+00
1.070518634e+00
1.077338502e+00
1.070082480e+00
1.069973280e+00
1.076385343e+00
1.070251752e+00
1.070098761e+00
1.075566567e+00
1.071194370e+00
1.070207611e+00
1.070128401e+00
1.075635126e+00
1.069986220e+00
1.070304072e+00
1.075627457e+00
1.070098251e+00
1.070121261e+00
1.075415765e+00
1.070041030e+00
1.070640354e+00
1.076278233e+00
1.070317503e+00
1.069858748e+00
1.071209449e+00
1.074503288e+00
1.069974060e+00
1.070137560e+00
1.075639228e+00
1.070132861e+00
1.070005440e+00
1.070283912e+00
1.070278952e+00
1.075521057e+00
1.070239962e+00
1.075059993e+00

[kick]
6.505008787e-05
7.055141032e-05
6.529968232e-05
6.428174675e-05
7.066130638e-05
6.524007767e-05
6.539002061e-05
6.536021829e-05
6.464030594e-05
6.458163261e-05
6.473995745e-05
6.465148181e-05
7.197074592e-05
6.594974548e-05
6.641168147e-05
6.439071149e-05
6.678141654e-05
6.557162851e-05
6.442051381e-05
6.501004100e-05
6.414111704e-05
6.510037929e-05
6.540026516e-05
6.497092545e-05
6.589107215e-05
6.521027535e-05
6.441026926e-05
6.362050772e-05
6.633996964e-05
6.431061774e-05
6.524007767e-05
6.528105587e-05
6.471108645e-05
6.422027946e-05
6.459094584e-05
6.478186697e-05
6.413087249e-05
6.490014493e-05
6.533041596e-05
6.441120058e-05
6.469152868e-05
6.461143494e-05
6.522983313e-05
6.445962936e-05
6.574112922e-05
6.521120667e-05
6.505008787e-05
6.271060556e-05
6.539095193e-05
6.456021219e-05

[second_drift]
6.525032222e-05
6.187055260e-05
6.119068712e-05
6.445962936e-05
6.421003491e-05
5.966145545e-05
6.466079503e-05
6.214063615e-05
6.259046495e-05
6.625056267e-05
6.535090506e-05
6.272923201e-05
6.229989231e-05
6.221979856e-05
6.475951523e-05
6.642006338e-05
6.406940520e-05
6.267055869e-05
6.318092346e-05
6.312131882e-05
6.338022649e-05
6.409082562e-05
6.377138197e-05
6.703007966e-05
6.577000022e-05
6.250105798e-05
6.120093167e-05
6.239023060e-05
6.015133113e-05
6.730109453e-05
6.344076246e-05
6.402935833e-05
6.423983723e-05
6.019044667e-05
6.396137178e-05
6.236974150e-05
6.433017552e-05
6.301049143e-05
6.251130253e-05
6.008055061e-05
5.705002695e-05
6.205029786e-05
6.288103759e-05
6.376113743e-05
6.546918303e-05
6.539002061e-05
6.635114551e-05
6.216112524e-05
6.414018571e-05
6.452109665e-05

