[config]
variant=blocking-newton3rd
n_particles=50000
n_steps=50
dt=1.000000000e-04
eps=5.000000000e-02
G=1.000000000e+00
mass=1.000000000e+00
max_relative_energy_drift=3.699530701e-07
energy_tolerance=1.000000000e-03

[one-time]
reading_time=1.418511383e-03
writing_time=0.000000000e+00
initial_energy_time=4.032186633e+00
total_run_time=6.244042385e+01

[total_step]
1.084955894e+00
1.085619801e+00
1.089379822e+00
1.086032243e+00
1.086249675e+00
1.090977584e+00
1.085320848e+00
1.085368779e+00
1.088322643e+00
1.088489464e+00
1.085289617e+00
1.090988944e+00
1.085322638e+00
1.091443148e+00
1.086628428e+00
1.085511060e+00
1.091989382e+00
1.085373199e+00
1.089673542e+00
1.086629059e+00
1.085397568e+00
1.090615622e+00
1.085576040e+00
1.085445449e+00
1.090538020e+00
1.085538749e+00
1.085179087e+00
1.090766553e+00
1.085319288e+00
1.086214236e+00
1.089938615e+00
1.085710560e+00
1.088174461e+00
1.087799948e+00
1.085557710e+00
1.090512180e+00
1.085562759e+00
1.085418229e+00
1.087085782e+00
1.088800856e+00
1.085639831e+00
1.091686720e+00
1.085524600e+00
1.086883551e+00
1.092958620e+00
1.085170877e+00
1.085517739e+00
1.091135656e+00
1.085343619e+00
1.085526848e+00

[first_drift]
7.106084377e-05
4.342105240e-05
4.450138658e-05
4.351977259e-05
4.353001714e-05
4.426948726e-05
4.354026169e-05
4.355050623e-05
4.341080785e-05
4.456005991e-05
4.348065704e-05
4.355143756e-05
4.341918975e-05
4.354957491e-05
4.391930997e-05
4.964042455e-05
4.342943430e-05
4.338100553e-05
4.359986633e-05
4.455074668e-05
4.356075078e-05
4.355050623e-05
4.351977259e-05
4.340149462e-05
4.353001714e-05
4.351045936e-05
4.343129694e-05
4.359986633e-05
4.335027188e-05
4.354119301e-05
4.338007420e-05
4.336051643e-05
4.362966865e-05
4.446040839e-05
4.339125007e-05
4.353001714e-05
4.385132343e-05
4.334095865e-05
4.369020462e-05
4.447065294e-05
4.351139069e-05
4.838127643e-05
4.368089139e-05
4.392955452e-05
4.359055310e-05
4.357099533e-05
4.331953824e-05
4.338100553e-05
4.366971552e-05
4.336982965e-05

[force]
1.084756454e+00
1.085442638e+00
1.089202940e+00
1.085862173e+00
1.086076563e+00
1.090804503e+00
1.085148397e+00
1.085194136e+00
1.088152301e+00
1.088313323e+00
1.085121145e+00
1.090818203e+00
1.085147077e+00
1.091271757e+00
1.086459887e+00
1.085333088e+00
1.091819162e+00
1.085205747e+00
1.089503502e+00
1.086461657e+00
1.085229317e+00
1.090443950e+00
1.085401698e+00
1.085275977e+00
1.090369680e+00
1.085370477e+00
1.085005495e+00
1.090597042e+00
1.085148507e+00
1.086039444e+00
1.089765004e+00
1.085537130e+00
1.087997470e+00
1.087627827e+00
1.085384138e+00
1.090338550e+00
1.085382688e+00
1.085244157e+00
1.086912701e+00
1.088627664e+00
1.085468858e+00
1.091508828e+00
1.085353938e+00
1.086709780e+00
1.092777259e+00
1.085003195e+00
1.085342408e+00
1.090961355e+00
1.085170818e+00
1.085353498e+00

[kick]
6.477069110e-05
6.625056267e-05
6.603077054e-05
6.556045264e-05
6.681028754e-05
6.464123726e-05
6.515067071e-05
6.659142673e-05
6.616953760e-05
6.651971489e-05
6.551109254e-05
6.391946226e-05
6.578024477e-05
6.525963545e-05
6.451085210e-05
6.506964564e-05
6.433110684e-05
6.469059736e-05
6.575044245e-05
6.476975977e-05
6.496068090e-05
6.457045674e-05
6.556138396e-05
6.392132491e-05
6.659980863e-05
6.515160203e-05
6.494019181e-05
6.503984332e-05
6.520003080e-05
6.643962115e-05
6.440095603e-05
6.574019790e-05
6.669014692e-05
6.395112723e-05
6.459001452e-05
6.560049951e-05
6.454065442e-05
6.554927677e-05
6.457138807e-05
6.499141455e-05
6.535090506e-05
6.460119039e-05
6.568990648e-05
6.549991667e-05
6.615091115e-05
6.535090506e-05
6.597116590e-05
6.572995335e-05
6.443075836e-05
6.538070738e-05

[second_drift]
6.354041398e-05
6.744079292e-05
6.630085409e-05
6.095133722e-05
6.273109466e-05
6.397999823e-05
6.369967014e-05
6.445962936e-05
6.070081145e-05
6.502121687e-05
5.924981087e-05
6.322097033e-05
6.630085409e-05
6.254110485e-05
6.007030606e-05
6.322097033e-05
6.240978837e-05
5.933083594e-05
6.064027548e-05
5.804095417e-05
5.968008190e-05
6.350036711e-05
6.521027535e-05
6.210990250e-05
5.816109478e-05
5.956087261e-05
6.518140435e-05
6.082095206e-05
6.212946028e-05
6.476137787e-05
6.579142064e-05
6.429012865e-05
6.662029773e-05
6.363913417e-05
6.555113941e-05
6.444100291e-05
7.162988186e-05
6.508175284e-05
6.476975977e-05
6.368011236e-05
6.205029786e-05
6.485916674e-05
6.119161844e-05
6.430130452e-05
7.157959044e-05
5.870964378e-05
6.600003690e-05
6.514042616e-05
6.464961916e-05
6.454996765e-05

