[config]
variant=blocking-newton3rd
n_particles=50000
n_steps=50
dt=1.000000000e-04
eps=5.000000000e-02
G=1.000000000e+00
mass=1.000000000e+00
max_relative_energy_drift=3.699530701e-07
energy_tolerance=1.000000000e-03

[one-time]
reading_time=1.409471966e-03
writing_time=0.000000000e+00
initial_energy_time=4.035388431e+00
total_run_time=6.197666757e+01

[total_step]
1.076281983e+00
1.081126254e+00
1.075856209e+00
1.075492986e+00
1.081081994e+00
1.076143742e+00
1.075838559e+00
1.076444604e+00
1.080500918e+00
1.075995021e+00
1.076674476e+00
1.081042244e+00
1.075611426e+00
1.075789219e+00
1.081237105e+00
1.075683438e+00
1.075540187e+00
1.081258356e+00
1.075614107e+00
1.075731938e+00
1.082212772e+00
1.075587138e+00
1.075748278e+00
1.077756156e+00
1.079186987e+00
1.075576277e+00
1.076555986e+00
1.080471078e+00
1.075786779e+00
1.075569587e+00
1.075863549e+00
1.081509188e+00
1.075610177e+00
1.076279803e+00
1.081817730e+00
1.076853258e+00
1.082143223e+00
1.076699206e+00
1.076615016e+00
1.082969760e+00
1.077346542e+00
1.077033299e+00
1.082192544e+00
1.076536406e+00
1.080968074e+00
1.077868006e+00
1.076683297e+00
1.082148521e+00
1.077568924e+00
1.076524945e+00

[first_drift]
7.299985737e-05
4.390999675e-05
4.348065704e-05
4.357006401e-05
4.358030856e-05
4.392955452e-05
4.357937723e-05
4.370044917e-05
4.374049604e-05
4.349090159e-05
4.364177585e-05
4.357937723e-05
4.351977259e-05
4.352163523e-05
4.791002721e-05
4.365015775e-05
4.366040230e-05
4.363991320e-05
4.359986633e-05
4.381034523e-05
4.362128675e-05
4.350952804e-05
4.353001714e-05
4.377122968e-05
4.460010678e-05
4.358123988e-05
4.354026169e-05
4.353001714e-05
4.351045936e-05
4.367996007e-05
4.365947098e-05
4.360079765e-05
4.370976239e-05
4.385970533e-05
4.350021482e-05
4.355981946e-05
4.354119301e-05
4.377029836e-05
4.371069372e-05
4.354119301e-05
4.385039210e-05
4.366971552e-05
4.359055310e-05
4.374049604e-05
4.872027785e-05
4.464015365e-05
4.361104220e-05
4.354026169e-05
4.382058978e-05
4.347041249e-05

[force]
1.076077542e+00
1.080951693e+00
1.075682388e+00
1.075318495e+00
1.080905803e+00
1.075963791e+00
1.075662678e+00
1.076272843e+00
1.080328387e+00
1.075818999e+00
1.076500583e+00
1.080866952e+00
1.075438136e+00
1.075617197e+00
1.081059134e+00
1.075508547e+00
1.075363815e+00
1.081080933e+00
1.075443166e+00
1.075556487e+00
1.082041671e+00
1.075411866e+00
1.075570347e+00
1.077577313e+00
1.079009687e+00
1.075400335e+00
1.076386245e+00
1.080298207e+00
1.075615168e+00
1.075400456e+00
1.075690758e+00
1.081337505e+00
1.075434525e+00
1.076105891e+00
1.081647729e+00
1.076676316e+00
1.081973201e+00
1.076525225e+00
1.076445704e+00
1.082800688e+00
1.077172090e+00
1.076857208e+00
1.082021032e+00
1.076362183e+00
1.080787581e+00
1.077693435e+00
1.076509045e+00
1.081975501e+00
1.077397442e+00
1.076347854e+00

[kick]
6.521958858e-05
6.504077464e-05
6.570015103e-05
6.493087858e-05
6.753113121e-05
7.236097008e-05
6.552133709e-05
6.536021829e-05
6.687082350e-05
6.584171206e-05
6.477162242e-05
6.601028144e-05
6.598047912e-05
6.553065032e-05
6.540119648e-05
6.587989628e-05
6.627105176e-05
6.662029773e-05
6.606057286e-05
6.563123316e-05
6.536021829e-05
6.589014083e-05
6.667152047e-05
6.635021418e-05
6.547104567e-05
6.997119635e-05
6.548967212e-05
6.765965372e-05
6.553996354e-05
6.456952542e-05
6.575044245e-05
6.535090506e-05
6.479024887e-05
6.497092545e-05
6.565079093e-05
6.547104567e-05
6.558094174e-05
6.544031203e-05
6.569083780e-05
6.364006549e-05
6.537046283e-05
6.485916674e-05
6.601121277e-05
6.450153887e-05
6.742030382e-05
6.519071758e-05
6.678979844e-05
6.453040987e-05
6.484985352e-05
6.474088877e-05

[second_drift]
6.618071347e-05
6.557069719e-05
6.457138807e-05
6.593018770e-05
6.502959877e-05
6.361957639e-05
6.673950702e-05
6.266124547e-05
6.186030805e-05
6.662961096e-05
6.543938071e-05
6.564054638e-05
6.368011236e-05
6.293039769e-05
6.460025907e-05
6.531085819e-05
6.639119238e-05
6.711110473e-05
6.118975580e-05
6.595067680e-05
6.201118231e-05
6.582122296e-05
6.761960685e-05
6.867107004e-05
6.718002260e-05
6.233993918e-05
6.066076458e-05
6.162095815e-05
6.251130253e-05
6.084144115e-05
6.332993507e-05
6.268080324e-05
6.710086018e-05
6.497185677e-05
6.079021841e-05
6.785988808e-05
6.085075438e-05
6.473064423e-05
5.986075848e-05
6.185099483e-05
6.519071758e-05
6.751157343e-05
6.179977208e-05
6.592925638e-05
6.430130452e-05
6.468035281e-05
6.375089288e-05
6.490014493e-05
6.277114153e-05
6.883963943e-05

