[config]
variant=blocking-newton3rd
n_particles=50000
n_steps=50
dt=1.000000000e-04
eps=5.000000000e-02
G=1.000000000e+00
mass=1.000000000e+00
max_relative_energy_drift=3.699530701e-07
energy_tolerance=1.000000000e-03

[one-time]
reading_time=1.413541846e-03
writing_time=0.000000000e+00
initial_energy_time=4.037857520e+00
total_run_time=6.248596320e+01

[total_step]
1.086613948e+00
1.091654033e+00
1.086294337e+00
1.086059716e+00
1.091629594e+00
1.086324484e+00
1.088481754e+00
1.089273600e+00
1.086121275e+00
1.091757760e+00
1.085958704e+00
1.086733390e+00
1.092209606e+00
1.086594477e+00
1.087948459e+00
1.089798945e+00
1.085936422e+00
1.091733321e+00
1.087416274e+00
1.086085634e+00
1.091943022e+00
1.086047204e+00
1.086330416e+00
1.091522398e+00
1.086281166e+00
1.085946782e+00
1.092056074e+00
1.086033633e+00
1.086245826e+00
1.091670301e+00
1.085965344e+00
1.086158335e+00
1.091608059e+00
1.086358307e+00
1.085986003e+00
1.091896872e+00
1.086104103e+00
1.086253955e+00
1.091587280e+00
1.086424218e+00
1.086004374e+00
1.092309236e+00
1.087002201e+00
1.086092264e+00
1.091989083e+00
1.086594058e+00
1.086244356e+00
1.091759370e+00
1.086133965e+00
1.085983163e+00

[first_drift]
7.285084575e-05
4.373025149e-05
4.365015775e-05
4.399009049e-05
4.369113594e-05
4.399102181e-05
4.381127656e-05
4.475936294e-05
4.377122968e-05
4.374980927e-05
4.376098514e-05
4.377122968e-05
4.369951785e-05
4.382990301e-05
4.400033504e-05
4.498101771e-05
4.370044917e-05
4.367064685e-05
4.429090768e-05
4.879105836e-05
4.391930997e-05
4.392024130e-05
4.359986633e-05
4.369020462e-05
4.367996007e-05
4.374049604e-05
4.368089139e-05
4.378054291e-05
4.372000694e-05
4.384014755e-05
4.376005381e-05
4.365015775e-05
4.366040230e-05
4.366040230e-05
4.376005381e-05
4.369951785e-05
4.365015775e-05
4.372000694e-05
4.376098514e-05
4.424992949e-05
4.385970533e-05
4.368089139e-05
4.370044917e-05
4.384107888e-05
4.390068352e-05
4.363991320e-05
4.372932017e-05
4.384014755e-05
4.379171878e-05
4.386994988e-05

[force]
1.086404686e+00
1.091479492e+00
1.086116237e+00
1.085877334e+00
1.091454151e+00
1.086145592e+00
1.088305792e+00
1.089096040e+00
1.085948133e+00
1.091582450e+00
1.085785611e+00
1.086561778e+00
1.092035415e+00
1.086419947e+00
1.087766068e+00
1.089626383e+00
1.085762512e+00
1.091556719e+00
1.087244733e+00
1.085899093e+00
1.091764451e+00
1.085866182e+00
1.086157335e+00
1.091349178e+00
1.086105963e+00
1.085771231e+00
1.091885692e+00
1.085857881e+00
1.086068965e+00
1.091499289e+00
1.085787062e+00
1.085985233e+00
1.091437427e+00
1.086187084e+00
1.085810662e+00
1.091722001e+00
1.085928243e+00
1.086078054e+00
1.091408068e+00
1.086248696e+00
1.085832692e+00
1.092134404e+00
1.086833999e+00
1.085917411e+00
1.091818511e+00
1.086421547e+00
1.086072785e+00
1.091584969e+00
1.085959243e+00
1.085808682e+00

[kick]
6.521027535e-05
6.448011845e-05
6.547011435e-05
7.028132677e-05
6.480142474e-05
6.537139416e-05
6.536114961e-05
6.526056677e-05
6.567034870e-05
6.440002471e-05
6.529130042e-05
6.544124335e-05
6.484985352e-05
6.532017142e-05
7.336121053e-05
6.410107017e-05
6.545986980e-05
6.625149399e-05
6.471108645e-05
7.105991244e-05
6.636139005e-05
6.975047290e-05
6.530061364e-05
6.491970271e-05
6.560143083e-05
6.840098649e-05
6.453040987e-05
6.468128413e-05
6.567034870e-05
6.525963545e-05
6.904080510e-05
6.562005728e-05
6.394181401e-05
6.449129432e-05
6.464961916e-05
6.502028555e-05
6.458070129e-05
6.536114961e-05
7.211975753e-05
6.568990648e-05
6.458163261e-05
6.522051990e-05
6.442144513e-05
6.589107215e-05
6.506964564e-05
6.460119039e-05
6.510037929e-05
6.489083171e-05
6.510037929e-05
6.493087858e-05

[second_drift]
7.115118206e-05
6.628036499e-05
6.894115359e-05
6.806012243e-05
6.673950702e-05
6.947014481e-05
6.674975157e-05
6.750039756e-05
6.366055459e-05
6.711017340e-05
6.399024278e-05
6.218999624e-05
6.559118629e-05
6.533041596e-05
6.497930735e-05
6.343983114e-05
6.470084190e-05
6.662961096e-05
6.250012666e-05
6.665103137e-05
6.825011224e-05
6.730109453e-05
6.413087249e-05
6.457138807e-05
6.586965173e-05
6.336998194e-05
6.212107837e-05
6.724055856e-05
6.743147969e-05
6.185099483e-05
6.544031203e-05
6.378162652e-05
6.296951324e-05
6.296113133e-05
6.688106805e-05
6.611086428e-05
6.758049130e-05
6.677024066e-05
6.328150630e-05
6.547104567e-05
6.318930537e-05
6.589107215e-05
6.002932787e-05
6.507057697e-05
6.155110896e-05
6.421934813e-05
6.269011647e-05
6.562098861e-05
6.575044245e-05
6.558001041e-05

