[config]
variant=blocking-newton3rd
n_particles=50000
n_steps=50
dt=1.000000000e-04
eps=5.000000000e-02
G=1.000000000e+00
mass=1.000000000e+00
max_relative_energy_drift=3.699530701e-07
energy_tolerance=1.000000000e-03

[one-time]
reading_time=1.417520456e-03
writing_time=0.000000000e+00
initial_energy_time=4.038879770e+00
total_run_time=6.141727623e+01

[total_step]
1.068376106e+00
1.064737675e+00
1.069107124e+00
1.065329410e+00
1.064612384e+00
1.069941780e+00
1.064596434e+00
1.065331920e+00
1.070801877e+00
1.065487942e+00
1.064374762e+00
1.066728871e+00
1.068959091e+00
1.064484443e+00
1.065417551e+00
1.069923120e+00
1.064383672e+00
1.064618614e+00
1.070166891e+00
1.064598135e+00
1.064696685e+00
1.071060100e+00
1.065034618e+00
1.064661435e+00
1.070545023e+00
1.064528184e+00
1.064414063e+00
1.070685956e+00
1.064409533e+00
1.064628485e+00
1.068987951e+00
1.067244288e+00
1.064371852e+00
1.065278950e+00
1.069913619e+00
1.064625374e+00
1.064622625e+00
1.071720853e+00
1.065288460e+00
1.064629765e+00
1.070272343e+00
1.064630955e+00
1.064585714e+00
1.070860698e+00
1.065825874e+00
1.065564662e+00
1.070695286e+00
1.065336562e+00
1.065762985e+00
1.069695907e+00

[first_drift]
7.295981050e-05
4.408974200e-05
4.385132343e-05
4.453957081e-05
4.394073039e-05
4.396121949e-05
4.404969513e-05
4.401057959e-05
4.395097494e-05
4.475004971e-05
4.430022091e-05
4.399009049e-05
4.485994577e-05
4.388019443e-05
4.861038178e-05
4.386063665e-05
4.390999675e-05
4.392024130e-05
4.383083433e-05
4.385970533e-05
4.383083433e-05
4.386994988e-05
4.389975220e-05
4.386994988e-05
4.395004362e-05
4.386063665e-05
4.392117262e-05
4.415120929e-05
4.409998655e-05
4.394073039e-05
4.388950765e-05
4.498008639e-05
4.955008626e-05
4.395935684e-05
4.416983575e-05
4.379078746e-05
4.426110536e-05
4.381034523e-05
4.379171878e-05
4.396121949e-05
4.427041858e-05
4.398915917e-05
4.382058978e-05
4.447065294e-05
4.385039210e-05
4.378147423e-05
4.389137030e-05
4.384107888e-05
4.382152110e-05
4.976987839e-05

[force]
1.068172895e+00
1.064561734e+00
1.068930180e+00
1.065157509e+00
1.064436253e+00
1.069766978e+00
1.064420603e+00
1.065149318e+00
1.070624675e+00
1.065313601e+00
1.064198831e+00
1.066549911e+00
1.068782350e+00
1.064306822e+00
1.065238940e+00
1.069750798e+00
1.064209620e+00
1.064444322e+00
1.069989709e+00
1.064418592e+00
1.064523173e+00
1.070880477e+00
1.064860998e+00
1.064485624e+00
1.070363794e+00
1.064351391e+00
1.064231491e+00
1.070507254e+00
1.064233402e+00
1.064451263e+00
1.068810260e+00
1.067067056e+00
1.064195162e+00
1.065102640e+00
1.069735948e+00
1.064455672e+00
1.064446722e+00
1.071549943e+00
1.065115668e+00
1.064452072e+00
1.070095691e+00
1.064456194e+00
1.064411452e+00
1.070685386e+00
1.065649563e+00
1.065386510e+00
1.070517073e+00
1.065165308e+00
1.065586403e+00
1.069510216e+00

[kick]
6.635952741e-05
6.386078894e-05
6.619095802e-05
6.545055658e-05
6.645079702e-05
6.526988000e-05
6.617978215e-05
7.690116763e-05
6.559956819e-05
6.521027535e-05
6.472971290e-05
6.629992276e-05
6.473064423e-05
6.573088467e-05
6.552040577e-05
6.606057286e-05
6.540119648e-05
6.626080722e-05
6.589014083e-05
7.087178528e-05
6.621982902e-05
6.684008986e-05
6.505008787e-05
6.611086428e-05
7.125083357e-05
6.737094373e-05
6.524100900e-05
6.627943367e-05
7.079076022e-05
6.697978824e-05
6.608106196e-05
6.579048932e-05
6.436090916e-05
6.684940308e-05
6.563030183e-05
6.642099470e-05
6.507057697e-05
6.619095802e-05
6.515067071e-05
6.549153477e-05
6.496068090e-05
6.550084800e-05
6.428174675e-05
6.594974548e-05
6.709992886e-05
6.548129022e-05
6.586126983e-05
6.564054638e-05
6.616953760e-05
6.709992886e-05

[second_drift]
6.383191794e-05
6.795022637e-05
6.680097431e-05
6.180070341e-05
6.568990648e-05
6.552133709e-05
6.546080112e-05
6.164982915e-05
6.760098040e-05
6.433110684e-05
6.686151028e-05
6.863102317e-05
6.710086018e-05
6.796047091e-05
6.443075836e-05
6.234087050e-05
6.469059736e-05
6.406940520e-05
6.742123514e-05
6.474927068e-05
6.336066872e-05
6.886105984e-05
6.462074816e-05
6.579048932e-05
6.598979235e-05
6.552133709e-05
7.336027920e-05
6.823148578e-05
6.118975580e-05
6.625149399e-05
6.768014282e-05
6.641075015e-05
6.273947656e-05
6.546080112e-05
6.782077253e-05
5.939044058e-05
6.653089076e-05
6.087031215e-05
6.380025297e-05
6.817933172e-05
6.737094373e-05
6.506033242e-05
6.610993296e-05
6.482191384e-05
6.532110274e-05
6.884988397e-05
6.841961294e-05
6.166007370e-05
6.653089076e-05
6.877165288e-05

