[config]
variant=baseline
n_particles=50000
n_steps=50
dt=1.000000000e-04
eps=5.000000000e-02
G=1.000000000e+00
mass=1.000000000e+00
max_relative_energy_drift=3.699530701e-07
energy_tolerance=1.000000000e-03

[one-time]
reading_time=1.430823999e-03
writing_time=0.000000000e+00
initial_energy_time=4.189964598e+00
total_run_time=1.082365435e+02

[total_step]
1.992154890e+00
1.985598148e+00
1.986024222e+00
1.988933929e+00
1.995837554e+00
1.994355731e+00
1.986056032e+00
1.984202475e+00
1.988599106e+00
1.988841919e+00
1.995843264e+00
1.996834624e+00
1.996022786e+00
1.997610801e+00
1.995335370e+00
1.995088168e+00
1.995221018e+00
1.996285989e+00
1.999830261e+00
2.001941422e+00
2.001315606e+00
2.002469196e+00
2.001642089e+00
2.003061492e+00
2.002093083e+00
2.002092199e+00
2.002776570e+00
1.998917943e+00
1.999500939e+00
2.002247344e+00
2.001801540e+00
2.000986883e+00
2.001378666e+00
2.002450786e+00
1.999695601e+00
1.999018664e+00
1.994101888e+00
1.995204578e+00
1.997834823e+00
1.997268418e+00
1.997327858e+00
1.996649792e+00
1.996331059e+00
2.000485858e+00
1.999041094e+00
2.002587718e+00
1.993696714e+00
1.997076017e+00
1.996318598e+00
1.995928035e+00

[first_drift]
5.375100045e-05
3.155999912e-05
3.501100036e-05
3.155999912e-05
3.162999928e-05
3.180000022e-05
3.111000115e-05
3.143000140e-05
3.119999928e-05
3.146099880e-05
3.160099914e-05
3.143100002e-05
3.235999975e-05
3.275000017e-05
3.182000000e-05
3.181099964e-05
3.160999950e-05
3.157100036e-05
3.878999996e-05
3.226100125e-05
3.192000077e-05
3.155100057e-05
3.183999979e-05
3.162000030e-05
3.262999962e-05
3.167000068e-05
3.261100028e-05
3.132999882e-05
3.147000098e-05
3.156999992e-05
3.158999971e-05
3.258100151e-05
3.178000043e-05
3.194999954e-05
3.529100104e-05
3.173000005e-05
3.674000072e-05
3.178000043e-05
3.172000106e-05
3.156999992e-05
3.162999928e-05
3.232999916e-05
3.187000038e-05
4.299000102e-05
3.155100057e-05
3.158000072e-05
3.146999916e-05
3.146100062e-05
3.162000030e-05
3.164999907e-05

[force]
1.992005248e+00
1.985466318e+00
1.985892691e+00
1.988805548e+00
1.995709913e+00
1.994221200e+00
1.985927231e+00
1.984074744e+00
1.988471215e+00
1.988712867e+00
1.995712862e+00
1.996704802e+00
1.995893905e+00
1.997476280e+00
1.995208059e+00
1.994958796e+00
1.995090307e+00
1.996134647e+00
1.999692650e+00
2.001811520e+00
2.001186985e+00
2.002340885e+00
2.001511698e+00
2.002932231e+00
2.001963502e+00
2.001962578e+00
2.002646728e+00
1.998790172e+00
1.999375538e+00
2.002118483e+00
2.001672359e+00
2.000859431e+00
2.001243595e+00
2.002322485e+00
1.999563009e+00
1.998876763e+00
1.993966977e+00
1.995074507e+00
1.997705762e+00
1.997139127e+00
1.997190067e+00
1.996521131e+00
1.996196368e+00
2.000345557e+00
1.998911643e+00
2.002457927e+00
1.993567633e+00
1.996949155e+00
1.996189537e+00
1.995788814e+00

[kick]
6.437100092e-05
6.015000145e-05
6.537999980e-05
6.481099990e-05
6.418100020e-05
7.093000022e-05
6.580100126e-05
6.489100087e-05
6.518100054e-05
6.596100138e-05
6.622100045e-05
6.594099978e-05
6.483099969e-05
6.949099952e-05
6.362000022e-05
6.521999967e-05
6.707099965e-05
6.788999963e-05
6.567099990e-05
6.587099961e-05
6.484000005e-05
6.488100007e-05
6.679000035e-05
6.601000132e-05
6.494999980e-05
6.593100079e-05
6.543100062e-05
6.427100016e-05
6.229000064e-05
6.495100024e-05
6.460099939e-05
6.292000035e-05
7.157999971e-05
5.874099952e-05
6.564000068e-05
6.725099956e-05
6.494000081e-05
6.639099956e-05
6.556999870e-05
6.600000052e-05
6.647999908e-05
6.478000068e-05
6.327000119e-05
6.527999903e-05
6.616099927e-05
6.654000026e-05
6.593000035e-05
6.380000013e-05
6.568100071e-05
6.655099969e-05

[second_drift]
3.146000017e-05
4.005999835e-05
3.106999975e-05
3.194999954e-05
3.176999962e-05
3.175099846e-05
3.183999979e-05
3.135999941e-05
3.146000017e-05
3.157999890e-05
3.252999886e-05
3.239999933e-05
3.164000009e-05
3.223000022e-05
3.182000000e-05
3.229100002e-05
3.198000013e-05
5.182099994e-05
3.308999840e-05
3.171000026e-05
3.182099863e-05
3.182000000e-05
3.171099888e-05
3.157099854e-05
3.194100100e-05
3.196000034e-05
3.173999903e-05
3.210000068e-05
3.158099935e-05
3.228000060e-05
3.293000009e-05
3.190099960e-05
3.165100134e-05
3.755000034e-05
3.160099914e-05
4.287000047e-05
3.318099880e-05
3.183999979e-05
3.172099969e-05
3.167099931e-05
3.963100062e-05
3.141099842e-05
3.950099926e-05
3.197099977e-05
3.167999967e-05
3.162099893e-05
3.162999928e-05
3.155100057e-05
3.159999869e-05
4.097000055e-05

