[config]
variant=baseline
n_particles=50000
n_steps=50
dt=1.000000000e-04
eps=5.000000000e-02
G=1.000000000e+00
mass=1.000000000e+00
max_relative_energy_drift=3.699530701e-07
energy_tolerance=1.000000000e-03

[one-time]
reading_time=2.350252000e-03
writing_time=0.000000000e+00
initial_energy_time=4.207433383e+00
total_run_time=1.080722779e+02

[total_step]
1.989543595e+00
1.987936519e+00
1.989643176e+00
1.983806242e+00
1.983847831e+00
1.984187075e+00
1.985387156e+00
1.984194769e+00
1.982786561e+00
1.982710092e+00
1.982808471e+00
1.982930924e+00
1.987836657e+00
1.992260057e+00
1.998195831e+00
2.002026075e+00
2.003029374e+00
2.002120176e+00
2.000209739e+00
1.996119792e+00
1.982461099e+00
1.984291755e+00
1.996857769e+00
1.987631145e+00
1.988846946e+00
1.992195007e+00
1.988948807e+00
1.989689353e+00
1.988796295e+00
1.998046510e+00
1.998798735e+00
1.998997977e+00
2.002274707e+00
2.002774712e+00
1.992290077e+00
1.989215210e+00
1.996657207e+00
1.992810002e+00
1.994046953e+00
1.991560301e+00
1.992630521e+00
1.995587207e+00
1.997537365e+00
1.998699136e+00
2.002798172e+00
2.002596590e+00
2.002747712e+00
2.005225724e+00
1.998617924e+00
1.995825439e+00

[first_drift]
6.147099884e-05
3.131099947e-05
3.253099931e-05
3.279100019e-05
3.191999895e-05
3.275000017e-05
3.809999907e-05
3.198000013e-05
3.686999844e-05
3.169099909e-05
3.241000013e-05
3.234999895e-05
3.165999988e-05
3.246000051e-05
3.160000051e-05
3.187999937e-05
3.291000030e-05
3.219000064e-05
3.169100091e-05
3.395000022e-05
3.167100112e-05
3.140999979e-05
3.610000022e-05
3.590999950e-05
3.188099981e-05
3.160099914e-05
3.161000132e-05
3.204999848e-05
3.226999979e-05
3.232099880e-05
3.618000119e-05
3.207000009e-05
3.299999844e-05
3.169000047e-05
3.164000009e-05
3.151999954e-05
4.271000034e-05
3.165000089e-05
3.182999899e-05
3.699000081e-05
3.147099960e-05
3.441999979e-05
3.199000093e-05
3.178999941e-05
3.160000051e-05
3.182000000e-05
3.158999971e-05
3.198999912e-05
3.307000043e-05
3.165000089e-05

[force]
1.989385654e+00
1.987806917e+00
1.989514875e+00
1.983677950e+00
1.983711281e+00
1.984050824e+00
1.985253935e+00
1.984057858e+00
1.982655470e+00
1.982581230e+00
1.982680721e+00
1.982796982e+00
1.987708636e+00
1.992131086e+00
1.998065560e+00
2.001897324e+00
2.002900603e+00
2.001992645e+00
2.000074507e+00
1.995991661e+00
1.982332417e+00
1.984154684e+00
1.996721778e+00
1.987490904e+00
1.988721225e+00
1.992070465e+00
1.988814917e+00
1.989559233e+00
1.988668425e+00
1.997913048e+00
1.998667124e+00
1.998870057e+00
2.002143836e+00
2.002646891e+00
1.992163566e+00
1.989084359e+00
1.996521166e+00
1.992682261e+00
1.993911952e+00
1.991417530e+00
1.992497009e+00
1.995456486e+00
1.997409154e+00
1.998571544e+00
2.002669911e+00
2.002468169e+00
2.002621001e+00
2.005098533e+00
1.998487523e+00
1.995698429e+00

[kick]
6.466000013e-05
6.559099893e-05
6.290000056e-05
6.358999963e-05
6.432000009e-05
6.136999946e-05
6.333099918e-05
6.324999958e-05
6.242099880e-05
6.541999937e-05
6.240000039e-05
6.972099982e-05
6.381999992e-05
6.462100100e-05
6.578099965e-05
6.439100071e-05
6.365099944e-05
6.353099889e-05
6.680099978e-05
6.238100104e-05
6.505100100e-05
6.538100024e-05
6.048000068e-05
7.254099910e-05
6.209000094e-05
6.123099956e-05
6.934999874e-05
6.501999997e-05
6.303000009e-05
6.139000106e-05
6.343000132e-05
6.265999946e-05
6.462100100e-05
6.446999942e-05
6.312100049e-05
6.638100058e-05
6.161000056e-05
6.419099918e-05
6.225099969e-05
7.293099952e-05
6.565000149e-05
6.340999971e-05
6.410000060e-05
6.397999823e-05
6.469100117e-05
6.439100071e-05
6.306999967e-05
6.209999992e-05
6.534099884e-05
6.349999967e-05

[second_drift]
3.174000085e-05
3.264000043e-05
3.281999852e-05
3.185099922e-05
4.026100032e-05
4.208100108e-05
3.173000005e-05
4.162100049e-05
3.174000085e-05
3.169100091e-05
3.280000055e-05
3.181000102e-05
3.249100155e-05
3.182999899e-05
3.282999933e-05
3.241999912e-05
3.214999924e-05
3.174000085e-05
3.668000136e-05
3.174999983e-05
3.190999996e-05
4.022000030e-05
3.931099855e-05
3.174000085e-05
3.169000047e-05
3.165999988e-05
3.288100015e-05
3.298999945e-05
3.252100032e-05
3.969099998e-05
3.195099998e-05
3.313100024e-05
3.318999916e-05
3.160099914e-05
3.169999945e-05
3.289000051e-05
3.167099931e-05
3.183999979e-05
4.087000161e-05
3.280000055e-05
3.634099994e-05
3.283099977e-05
3.207000009e-05
3.176100108e-05
3.191999895e-05
3.214999924e-05
3.199099956e-05
3.305100108e-05
3.192999975e-05
3.180000022e-05

