[config]
variant=v0-naive
n_particles=50000
n_steps=50
dt=1.000000000e-04
eps=5.000000000e-02
G=1.000000000e+00
mass=1.000000000e+00
max_relative_energy_drift=3.699530701e-07
energy_tolerance=1.000000000e-03

[one-time]
reading_time=2.406174317e-03
writing_time=0.000000000e+00
initial_energy_time=4.051317476e+00

[total_step]
1.909918888e+00
1.908989463e+00
1.909639037e+00
1.911515508e+00
1.911715250e+00
1.911717689e+00
1.925800617e+00
1.909974689e+00
1.911175936e+00
1.910062229e+00
1.910758583e+00
1.909685536e+00
1.909956738e+00
1.910398972e+00
1.910957784e+00
1.910621643e+00
1.910950425e+00
1.911097226e+00
1.910603844e+00
1.911732581e+00
1.910900155e+00
1.958995171e+00
2.194114612e+00
1.966087055e+00
1.970824405e+00
1.970230451e+00
1.969428226e+00
1.967250542e+00
1.966108635e+00
1.969524987e+00
1.963620130e+00
1.959570904e+00
1.960630462e+00
1.964790857e+00
1.964746539e+00
1.966638218e+00
1.967067041e+00
1.968693593e+00
1.969838208e+00
1.970073001e+00
1.971336458e+00
1.968823052e+00
1.970045269e+00
1.970735554e+00
1.972568626e+00
1.973449300e+00
1.970722363e+00
1.969800568e+00
1.966726729e+00
1.967276842e+00

[first_drift]
7.208995521e-05
4.452094436e-05
4.438962787e-05
4.442967474e-05
4.442036152e-05
4.439987242e-05
4.437100142e-05
4.941038787e-05
4.940945655e-05
4.439987242e-05
4.453957081e-05
4.891119897e-05
4.437100142e-05
4.406087101e-05
4.447996616e-05
4.964973778e-05
4.412978888e-05
4.498939961e-05
4.435982555e-05
4.428997636e-05
5.098059773e-05
4.532001913e-05
4.578102380e-05
5.151983351e-05
4.577077925e-05
4.601012915e-05
4.606973380e-05
4.568975419e-05
4.565063864e-05
4.584062845e-05
4.546996206e-05
4.590023309e-05
4.543922842e-05
4.550069571e-05
4.564039409e-05
4.575029016e-05
4.551932216e-05
4.574097693e-05
4.574935883e-05
4.593934864e-05
4.536006600e-05
4.578940570e-05
4.599988461e-05
4.577171057e-05
4.623085260e-05
4.552956671e-05
4.579033703e-05
4.602968693e-05
4.549976438e-05
4.613958299e-05

[force]
1.909729767e+00
1.908830090e+00
1.909479186e+00
1.911355827e+00
1.911557338e+00
1.911559189e+00
1.925640736e+00
1.909811168e+00
1.911010515e+00
1.909890459e+00
1.910599023e+00
1.909521285e+00
1.909791678e+00
1.910234541e+00
1.910798274e+00
1.910458053e+00
1.910793585e+00
1.910936375e+00
1.910443112e+00
1.911572439e+00
1.910733823e+00
1.958822670e+00
2.193958041e+00
1.965909065e+00
1.970671143e+00
1.970070300e+00
1.969272515e+00
1.967085321e+00
1.965907054e+00
1.969318965e+00
1.963442969e+00
1.959397824e+00
1.960472762e+00
1.964622056e+00
1.964587826e+00
1.966480937e+00
1.966904031e+00
1.968537830e+00
1.969657147e+00
1.969910040e+00
1.971181087e+00
1.968665211e+00
1.969881689e+00
1.970568793e+00
1.972384835e+00
1.973285810e+00
1.970550671e+00
1.969643528e+00
1.966570678e+00
1.967103242e+00

[kick]
7.281173021e-05
7.031112909e-05
7.090996951e-05
7.081124932e-05
6.923079491e-05
6.994977593e-05
7.067061961e-05
6.969086826e-05
7.189158350e-05
8.280016482e-05
7.071997970e-05
7.111020386e-05
7.625948638e-05
7.116980851e-05
7.080100477e-05
6.969086826e-05
6.859004498e-05
7.125083357e-05
7.183104753e-05
7.157027721e-05
7.003173232e-05
7.513072342e-05
6.496068090e-05
8.053053170e-05
6.181001663e-05
6.845034659e-05
6.366986781e-05
7.356051356e-05
8.089095354e-05
7.493048906e-05
6.578955799e-05
6.559025496e-05
6.665941328e-05
6.469991058e-05
6.669014692e-05
6.592087448e-05
6.844010204e-05
6.399955601e-05
8.437130600e-05
7.201079279e-05
6.468035281e-05
6.614997983e-05
7.179938257e-05
6.970949471e-05
6.633996964e-05
7.244013250e-05
7.953122258e-05
6.523914635e-05
6.496068090e-05
8.155964315e-05

[second_drift]
4.413910210e-05
4.449021071e-05
4.450138658e-05
4.438962787e-05
4.415027797e-05
4.407018423e-05
4.472956061e-05
4.431046546e-05
4.406925291e-05
4.446133971e-05
4.423968494e-05
4.416983575e-05
4.431046546e-05
4.913099110e-05
4.416983575e-05
4.418008029e-05
4.404969513e-05
4.456005991e-05
4.448927939e-05
4.423037171e-05
4.517938942e-05
5.197990686e-05
4.576984793e-05
4.588998854e-05
4.563108087e-05
4.563108087e-05
4.589185119e-05
4.578009248e-05
7.496960461e-05
8.520111442e-05
6.568152457e-05
6.149057299e-05
4.553981125e-05
5.854014307e-05
4.632119089e-05
4.549976438e-05
4.892982543e-05
4.597101361e-05
5.082972348e-05
4.495028406e-05
4.527065903e-05
4.580058157e-05
4.572048783e-05
5.105976015e-05
7.117073983e-05
4.546996206e-05
4.624016583e-05
4.571117461e-05
4.540011287e-05
4.584062845e-05

