[config]
variant=baseline
n_particles=50000
n_steps=50
dt=1.000000000e-04
eps=5.000000000e-02
G=1.000000000e+00
mass=1.000000000e+00
max_relative_energy_drift=3.699530701e-07
energy_tolerance=1.000000000e-03

[one-time]
reading_time=1.318867000e-03
writing_time=0.000000000e+00
initial_energy_time=4.200098354e+00
total_run_time=1.079521090e+02

[total_step]
1.991909126e+00
1.993173864e+00
1.994642451e+00
1.994739550e+00
1.994657841e+00
1.992389395e+00
1.993060134e+00
1.991644646e+00
1.992487484e+00
1.993999812e+00
1.983798871e+00
1.986205157e+00
1.989827109e+00
1.997262006e+00
1.999015183e+00
1.993813752e+00
1.997487655e+00
1.989128981e+00
1.995402290e+00
1.993314203e+00
1.992900954e+00
1.988103913e+00
1.989449241e+00
1.992603984e+00
1.984499810e+00
1.987574114e+00
1.992775595e+00
1.986142976e+00
1.987277135e+00
1.991267907e+00
1.981480445e+00
1.985170748e+00
1.982723453e+00
1.985909227e+00
1.989864509e+00
1.987066605e+00
1.985142920e+00
1.987797496e+00
1.990696402e+00
1.991173957e+00
1.983781868e+00
1.986616554e+00
1.991409670e+00
1.995233034e+00
1.989334290e+00
1.993514529e+00
1.994287075e+00
1.990622762e+00
1.990287028e+00
1.999597575e+00

[first_drift]
5.443000009e-05
3.180000022e-05
3.196900070e-05
3.211999865e-05
3.298999945e-05
3.257000026e-05
3.229999857e-05
3.180000022e-05
3.189999916e-05
3.221999941e-05
3.194999954e-05
3.176000064e-05
3.172899960e-05
3.796999954e-05
3.226000081e-05
3.212000047e-05
3.204900167e-05
3.273999937e-05
3.187000038e-05
3.216999903e-05
3.205000030e-05
3.194999954e-05
3.233999996e-05
3.172899960e-05
3.228999958e-05
3.642900083e-05
3.219999962e-05
3.228000060e-05
3.194999954e-05
3.820999882e-05
3.889000072e-05
3.203999950e-05
3.194999954e-05
3.170000127e-05
3.205999928e-05
3.325000034e-05
3.786100024e-05
3.216099867e-05
3.196999933e-05
3.194999954e-05
3.180999920e-05
3.203000051e-05
3.196100079e-05
3.285999992e-05
3.269999979e-05
3.174999983e-05
3.493000077e-05
3.601099888e-05
3.219099926e-05
3.203000051e-05

[force]
1.991759176e+00
1.993046084e+00
1.994514102e+00
1.994610690e+00
1.994527631e+00
1.992262955e+00
1.992933644e+00
1.991513877e+00
1.992360536e+00
1.993873473e+00
1.983672361e+00
1.986078167e+00
1.989692920e+00
1.997127626e+00
1.998886433e+00
1.993686383e+00
1.997360366e+00
1.988984131e+00
1.995275330e+00
1.993186013e+00
1.992773364e+00
1.987973093e+00
1.989320951e+00
1.992475645e+00
1.984364430e+00
1.987442365e+00
1.992644995e+00
1.986014887e+00
1.987137595e+00
1.991121307e+00
1.981347095e+00
1.985036658e+00
1.982597473e+00
1.985782107e+00
1.989734910e+00
1.986927403e+00
1.985007839e+00
1.987667584e+00
1.990569111e+00
1.991043106e+00
1.983653937e+00
1.986487184e+00
1.991280488e+00
1.995103583e+00
1.989203789e+00
1.993386068e+00
1.994150664e+00
1.990490380e+00
1.990154496e+00
1.999468294e+00

[kick]
6.348999887e-05
6.278999899e-05
6.392999967e-05
6.328000018e-05
6.376000056e-05
6.184999984e-05
6.186000064e-05
6.650999967e-05
6.245900113e-05
6.178900003e-05
6.240999937e-05
6.278000001e-05
6.091999967e-05
6.380999912e-05
6.425000174e-05
6.240000039e-05
6.176000170e-05
7.940999967e-05
6.271999882e-05
6.374000077e-05
6.329999997e-05
6.659000064e-05
6.333999954e-05
6.344999929e-05
6.432999908e-05
6.297899927e-05
6.498000039e-05
6.366900016e-05
6.487999963e-05
6.473000030e-05
6.233000022e-05
7.013999857e-05
6.193999980e-05
6.233000022e-05
6.418999874e-05
6.478099931e-05
6.517099973e-05
6.541999937e-05
6.357100028e-05
6.666100126e-05
6.375100020e-05
6.500000018e-05
6.387000030e-05
6.423100058e-05
6.574100007e-05
5.853999937e-05
6.333099918e-05
6.431100155e-05
6.743099948e-05
6.465099978e-05

[second_drift]
3.198000013e-05
3.312000081e-05
3.241000013e-05
3.339999967e-05
3.340999865e-05
3.195999852e-05
3.228999958e-05
3.241900049e-05
3.252999886e-05
3.228000060e-05
3.210000068e-05
3.240000115e-05
4.149000051e-05
3.254000148e-05
3.218999882e-05
3.280000055e-05
3.342999844e-05
3.265000123e-05
3.228000060e-05
3.221999941e-05
3.219000064e-05
3.223000022e-05
3.257000026e-05
3.311000000e-05
3.869000102e-05
3.228000060e-05
3.334999928e-05
3.207999907e-05
4.264999916e-05
4.359000013e-05
3.207000009e-05
3.186000140e-05
3.203999950e-05
3.303999983e-05
3.328900129e-05
4.111999988e-05
3.198999912e-05
3.227100024e-05
3.169999945e-05
3.219999962e-05
3.232000017e-05
3.229100002e-05
3.320100041e-05
3.230999937e-05
3.201999971e-05
3.812100113e-05
3.809000009e-05
3.200999890e-05
3.285999992e-05
3.255000047e-05

