[config]
variant=baseline
n_particles=50000
n_steps=50
dt=1.000000000e-04
eps=5.000000000e-02
G=1.000000000e+00
mass=1.000000000e+00
max_relative_energy_drift=3.699530701e-07
energy_tolerance=1.000000000e-03

[one-time]
reading_time=1.592105000e-03
writing_time=0.000000000e+00
initial_energy_time=4.213216933e+00
total_run_time=1.081151127e+02

[total_step]
1.994545482e+00
1.991092320e+00
1.992326101e+00
1.987792489e+00
1.990044030e+00
1.990376613e+00
1.992230550e+00
1.990928688e+00
1.988883479e+00
1.992862907e+00
1.996447449e+00
1.997470420e+00
1.997749582e+00
1.994016767e+00
1.994453612e+00
2.004768108e+00
2.002217724e+00
1.999317856e+00
1.998272708e+00
1.999991783e+00
2.000001233e+00
2.000392077e+00
2.000550809e+00
2.001070923e+00
1.994867755e+00
1.999306417e+00
2.001832581e+00
2.002028173e+00
1.995639112e+00
1.994761724e+00
1.996845724e+00
1.990037979e+00
1.991363073e+00
1.992256041e+00
1.992059288e+00
1.995430961e+00
1.992634574e+00
1.993974707e+00
1.996214347e+00
1.996947035e+00
1.991716646e+00
1.990396273e+00
1.987139683e+00
1.986853480e+00
1.987465946e+00
1.986029842e+00
1.986891661e+00
1.984993172e+00
1.984777241e+00
1.988306913e+00

[first_drift]
5.734000115e-05
3.237000055e-05
3.086000106e-05
3.106000077e-05
3.076999928e-05
3.065999954e-05
3.063999975e-05
3.104999996e-05
3.076000030e-05
3.787100104e-05
3.098000161e-05
3.075099994e-05
3.652099986e-05
3.085100070e-05
3.099099922e-05
3.672000094e-05
3.124999967e-05
7.925099999e-05
3.090999962e-05
3.076000030e-05
3.103000017e-05
3.290099994e-05
3.173100049e-05
3.100999857e-05
3.215099969e-05
3.113100138e-05
3.413999912e-05
3.219999962e-05
3.713000115e-05
3.047999962e-05
3.117100096e-05
3.088999983e-05
3.088100129e-05
3.038999967e-05
3.218999882e-05
3.059099981e-05
3.096999899e-05
3.182999899e-05
3.090999962e-05
3.060100062e-05
3.076000030e-05
3.199000093e-05
3.137000022e-05
3.448099960e-05
3.541099977e-05
3.055000161e-05
3.085100070e-05
3.089999882e-05
3.445099901e-05
3.044999903e-05

[force]
1.994392081e+00
1.990964998e+00
1.992202310e+00
1.987665328e+00
1.989917039e+00
1.990249812e+00
1.992106769e+00
1.990802827e+00
1.988756579e+00
1.992729305e+00
1.996322589e+00
1.997334008e+00
1.997617340e+00
1.993892115e+00
1.994328120e+00
2.004638767e+00
2.002090453e+00
1.999142135e+00
1.998147336e+00
1.999863532e+00
1.999877662e+00
2.000263376e+00
2.000424307e+00
2.000942942e+00
1.994739213e+00
1.999171575e+00
2.001701500e+00
2.001892802e+00
1.995514831e+00
1.994621593e+00
1.996719342e+00
1.989912969e+00
1.991239551e+00
1.992130330e+00
1.991935837e+00
1.995298389e+00
1.992508523e+00
1.993850006e+00
1.996088606e+00
1.996821913e+00
1.991590945e+00
1.990268432e+00
1.986999252e+00
1.986718809e+00
1.987335474e+00
1.985904812e+00
1.986766039e+00
1.984859441e+00
1.984641629e+00
1.988180022e+00

[kick]
6.464000035e-05
6.256099914e-05
6.218099952e-05
6.475000009e-05
6.480000047e-05
6.434999887e-05
6.223099990e-05
6.370100164e-05
6.395000128e-05
6.424000094e-05
6.269000005e-05
6.342099914e-05
6.451099944e-05
6.274099906e-05
6.338999992e-05
6.170100096e-05
6.395099990e-05
6.498000039e-05
6.247000056e-05
6.582100104e-05
5.754099948e-05
6.361000123e-05
6.321000001e-05
6.550100079e-05
6.429099994e-05
6.493100045e-05
6.457000018e-05
6.229000064e-05
5.626100028e-05
6.289099838e-05
6.304999988e-05
6.315999963e-05
6.191099965e-05
6.309000128e-05
5.994099956e-05
6.421999933e-05
6.326099901e-05
6.098999984e-05
6.360099906e-05
6.297100117e-05
6.405999920e-05
6.400099846e-05
6.473000030e-05
6.041000051e-05
6.417099939e-05
6.353999925e-05
6.385999950e-05
6.501099961e-05
7.012000060e-05
6.556100016e-05

[second_drift]
3.137099884e-05
3.233999996e-05
3.069999912e-05
3.130100049e-05
3.138099964e-05
3.175100028e-05
3.086000106e-05
3.106999975e-05
3.213999844e-05
3.135099905e-05
3.113000093e-05
4.219000039e-05
3.113999992e-05
3.099999958e-05
3.106099939e-05
3.084999844e-05
3.194999954e-05
3.142999958e-05
3.193100019e-05
3.162999928e-05
3.495000055e-05
3.211999865e-05
3.152099998e-05
3.142999958e-05
3.203000051e-05
3.871999979e-05
3.231099981e-05
4.083099884e-05
3.083999945e-05
4.670000089e-05
3.210099931e-05
3.091100007e-05
3.067000034e-05
3.217999983e-05
3.127000127e-05
3.771100091e-05
3.177000144e-05
3.181100146e-05
3.117000051e-05
3.149999975e-05
3.082100011e-05
3.181000102e-05
4.427100066e-05
3.972000013e-05
3.083000047e-05
3.088999983e-05
3.085100070e-05
3.776999984e-05
3.099099922e-05
3.082999865e-05

