[config]
variant=rsqrt
n_particles=50000
n_steps=50
dt=1.000000000e-04
eps=5.000000000e-02
G=1.000000000e+00
mass=1.000000000e+00
max_relative_energy_drift=3.078036939e-05
energy_tolerance=1.000000000e-03

[one-time]
reading_time=1.378825300e-02
writing_time=0.000000000e+00
initial_energy_time=4.058546367e+00
total_run_time=9.892741448e+01

[total_step]
1.815729815e+00
1.814899765e+00
1.814556551e+00
1.814431839e+00
1.815636084e+00
1.814305288e+00
1.816107320e+00
1.816969210e+00
1.814505180e+00
1.814591631e+00
1.814524630e+00
1.814891745e+00
1.827303401e+00
1.825245746e+00
1.814430689e+00
1.814431729e+00
1.814987916e+00
1.814388748e+00
1.814390339e+00
1.814353428e+00
1.822826115e+00
1.838306549e+00
1.814457859e+00
1.814563601e+00
1.814374798e+00
1.814389439e+00
1.814514840e+00
1.814634662e+00
1.814465449e+00
1.817564938e+00
1.814405399e+00
1.814387799e+00
1.815065407e+00
1.814606931e+00
1.814493880e+00
1.814492120e+00
1.814417809e+00
1.814338077e+00
1.814252087e+00
1.814401889e+00
1.815148298e+00
1.814772253e+00
1.814382898e+00
1.814816644e+00
1.814345968e+00
1.814404198e+00
1.814564070e+00
1.814381519e+00
1.814554380e+00
1.814961106e+00

[first_drift]
6.210100037e-05
4.365099812e-05
4.353099939e-05
4.357999933e-05
4.380999962e-05
4.390100003e-05
4.356999852e-05
4.447999891e-05
4.369100134e-05
4.352999895e-05
4.364000051e-05
4.335000267e-05
4.358000297e-05
4.462099969e-05
4.357000216e-05
4.378999802e-05
4.357999933e-05
4.357000216e-05
4.379100210e-05
4.352000178e-05
4.355100100e-05
4.524099859e-05
4.355000056e-05
4.355100100e-05
4.355000056e-05
4.360100138e-05
4.368999726e-05
4.427000022e-05
4.353999975e-05
4.364099732e-05
4.361100218e-05
4.369099770e-05
4.366999929e-05
4.355999772e-05
4.353099939e-05
4.356100180e-05
4.388999878e-05
4.374000127e-05
4.358099977e-05
4.365100176e-05
4.365099812e-05
4.359999730e-05
4.389999958e-05
4.357000216e-05
4.406999869e-05
4.384000204e-05
4.357099897e-05
4.353099939e-05
4.364999768e-05
4.370100214e-05

[force]
1.815562323e+00
1.814749293e+00
1.814408759e+00
1.814284698e+00
1.815486713e+00
1.814155335e+00
1.815956118e+00
1.816817869e+00
1.814355308e+00
1.814441900e+00
1.814375419e+00
1.814743714e+00
1.827144569e+00
1.825094053e+00
1.814282567e+00
1.814283137e+00
1.814839785e+00
1.814240977e+00
1.814240866e+00
1.814204357e+00
1.822665872e+00
1.838156546e+00
1.814309158e+00
1.814415429e+00
1.814224627e+00
1.814241236e+00
1.814366759e+00
1.814484650e+00
1.814316368e+00
1.817415626e+00
1.814255017e+00
1.814238777e+00
1.814915275e+00
1.814457560e+00
1.814344538e+00
1.814343977e+00
1.814269457e+00
1.814188796e+00
1.814100915e+00
1.814253117e+00
1.814999216e+00
1.814623062e+00
1.814232557e+00
1.814667762e+00
1.814196547e+00
1.814249687e+00
1.814416099e+00
1.814227146e+00
1.814404179e+00
1.814813124e+00

[kick]
6.151100024e-05
6.290099918e-05
6.073999975e-05
6.030999793e-05
6.167100219e-05
6.205099999e-05
6.364100045e-05
6.284099800e-05
6.181100252e-05
6.218000271e-05
6.165999730e-05
6.081999891e-05
6.429100176e-05
6.313100312e-05
6.060099986e-05
6.093099728e-05
6.141000267e-05
6.039099753e-05
6.168099935e-05
6.127099914e-05
7.167100193e-05
6.130100155e-05
6.160100020e-05
6.072999895e-05
6.280099842e-05
6.063099863e-05
6.062000102e-05
6.181100252e-05
6.138999743e-05
6.168099935e-05
6.267100252e-05
6.178999683e-05
6.244099859e-05
6.185999882e-05
6.186099927e-05
6.113099880e-05
6.091099931e-05
6.164099977e-05
6.342100096e-05
6.166100138e-05
6.153100185e-05
6.151100024e-05
6.258000212e-05
6.138100071e-05
6.156999734e-05
6.750100147e-05
6.013099846e-05
6.154099901e-05
6.233100066e-05
6.081999891e-05

[second_drift]
4.383000123e-05
4.387000081e-05
4.347099821e-05
4.316100240e-05
4.383999840e-05
4.395100041e-05
4.394099960e-05
4.397100201e-05
4.427099702e-05
4.397099838e-05
4.385100328e-05
4.381100007e-05
5.090999912e-05
4.374099808e-05
4.390100003e-05
4.367100337e-05
4.309099677e-05
4.370000170e-05
4.391100083e-05
4.423000064e-05
4.496100155e-05
4.341099702e-05
4.350000017e-05
4.384100248e-05
4.377000005e-05
4.385099965e-05
4.372100011e-05
4.384099884e-05
4.410100155e-05
4.387000081e-05
4.404999709e-05
4.340100350e-05
4.397100201e-05
4.384099884e-05
4.384999920e-05
4.336100028e-05
4.345100024e-05
4.374000127e-05
4.407999950e-05
4.341000022e-05
4.382000043e-05
4.396100121e-05
4.382099723e-05
4.388099842e-05
4.360100138e-05
4.312099918e-05
4.411000191e-05
4.926099791e-05
4.416999946e-05
4.341100066e-05

[papi_cycles]
7763340176
7762439760
7761830010
7761884224
7761741870
7761700519
7768468965
7772567840
7761940899
7761788019
7761877335
7761935617
7814695474
7806840711
7761882730
7761857761
7761722174
7761856940
7761781364
7761823896
7797302523
7843533751
7761845302
7761823398
7761963800
7761922410
7761847441
7761943135
7761911674
7761912137
7761885625
7761838655
7761743359
7761832733
7761934887
7761836578
7761788450
7761772326
7761863425
7761773435
7761946873
7761807087
7761803306
7761826266
7761943531
7761999647
7761832717
7761850784
7761778282
7761676354

[papi_instructions]
20627453083
20627452154
20627452152
20627452155
20627452212
20627452152
20627452155
20627452155
20627452157
20627452153
20627452152
20627452155
20627452166
20627452166
20627452152
20627452153
20627452152
20627452155
20627452154
20627452154
20627452158
20627452672
20627452152
20627452156
20627452153
20627452153
20627452151
20627452154
20627452155
20627452449
20627452154
20627452151
20627452154
20627452154
20627452154
20627452152
20627452153
20627452151
20627452154
20627452156
20627452197
20627452156
20627452150
20627452158
20627452152
20627452153
20627452153
20627452151
20627452154
20627452153

[papi_l1_dcm]
938630685
938628269
938617781
938621763
938623709
938622113
938663402
938660408
938627404
938617856
938624607
938617503
938841592
938791996
938627636
938615695
938614015
938631770
938620116
938627795
938768274
938949183
938619717
938631268
938622606
938621435
938628700
938620913
938627718
938633892
938630036
938623273
938628126
938622947
938622145
938620741
938615625
938620085
938626830
938625812
938621865
938622646
938619766
938625333
938623661
938627161
938620297
938626566
938626304
938621557

[papi_l2_dcm]
17804136
17857524
17813639
17731463
17795074
17810040
17789472
17806552
17817323
17797601
17835940
17831478
17598476
17729624
17836318
17832684
17656443
17815906
17826528
17743778
17703789
17568817
17815999
17831779
17771777
17842941
17754248
17820777
17774311
17822728
17784516
17826259
17772875
17830672
17783557
17735707
17786480
17818508
17743363
17791313
17820900
17763480
17752065
17795944
17825748
17758523
17770301
17826077
17834653
17814853

