[config]
variant=rsqrt
n_particles=50000
n_steps=50
dt=1.000000000e-04
eps=5.000000000e-02
G=1.000000000e+00
mass=1.000000000e+00
max_relative_energy_drift=0.000000000e+00
energy_tolerance=1.000000000e-03

[one-time]
reading_time=1.493436022e-03
writing_time=0.000000000e+00
initial_energy_time=4.035767938e+00
total_run_time=5.855565199e+01

[total_step]
1.010644480e+00
1.010661800e+00
1.010000114e+00
1.009707520e+00
1.009737930e+00
1.009812621e+00
1.009851182e+00
1.009730710e+00
1.010162265e+00
1.009757981e+00
1.009955652e+00
1.009782131e+00
1.009878732e+00
1.009827202e+00
1.009776130e+00
1.009902932e+00
1.009846402e+00
1.009856512e+00
1.009828011e+00
1.009891902e+00
1.009834942e+00
1.010057294e+00
1.009846831e+00
1.009849322e+00
1.009712440e+00
1.009877392e+00
1.009923501e+00
1.009954993e+00
1.009783001e+00
1.009935812e+00
1.010408078e+00
1.009832481e+00
1.009756431e+00
1.009884232e+00
1.009893912e+00
1.009980523e+00
1.009770571e+00
1.009985354e+00
1.009793141e+00
1.009964162e+00
1.009930483e+00
1.009903662e+00
1.009724060e+00
1.009972183e+00
1.009781451e+00
1.009975493e+00
1.009912202e+00
1.009992413e+00
1.009860832e+00
1.010009723e+00

[first_drift]
6.902101450e-05
4.352099495e-05
4.357998841e-05
4.373001866e-05
4.392999108e-05
4.443098442e-05
4.353100667e-05
4.401098704e-05
4.428101238e-05
4.404102219e-05
4.345001071e-05
4.378100857e-05
4.398098099e-05
4.398101009e-05
4.359000013e-05
4.347099457e-05
4.328100476e-05
4.404099309e-05
4.877999891e-05
4.399099271e-05
4.324101610e-05
4.340999294e-05
4.396997974e-05
4.393997369e-05
4.387999070e-05
4.350999370e-05
4.377998994e-05
4.327000352e-05
4.367000656e-05
4.358001752e-05
4.389099195e-05
4.357000580e-05
4.332099343e-05
4.393002018e-05
4.360001185e-05
4.379000165e-05
4.412000999e-05
4.362000618e-05
4.928998533e-05
4.379000165e-05
4.384099157e-05
4.374000127e-05
4.389000242e-05
4.385100328e-05
4.410100519e-05
4.467100371e-05
4.393002018e-05
5.080099800e-05
4.340099986e-05
4.385999637e-05

[force]
1.010465528e+00
1.010507608e+00
1.009839702e+00
1.009545208e+00
1.009589069e+00
1.009656279e+00
1.009690480e+00
1.009570248e+00
1.010010633e+00
1.009609289e+00
1.009793441e+00
1.009623689e+00
1.009722390e+00
1.009670929e+00
1.009619859e+00
1.009745220e+00
1.009691090e+00
1.009700190e+00
1.009668470e+00
1.009738700e+00
1.009681279e+00
1.009903572e+00
1.009699020e+00
1.009692370e+00
1.009552149e+00
1.009722690e+00
1.009768029e+00
1.009800482e+00
1.009635190e+00
1.009778181e+00
1.010260096e+00
1.009685110e+00
1.009595539e+00
1.009727250e+00
1.009738890e+00
1.009823962e+00
1.009610219e+00
1.009828731e+00
1.009629299e+00
1.009805511e+00
1.009772971e+00
1.009746811e+00
1.009576659e+00
1.009813421e+00
1.009624539e+00
1.009818770e+00
1.009756301e+00
1.009829961e+00
1.009703660e+00
1.009853862e+00

[kick]
6.535099237e-05
6.690100417e-05
7.235998055e-05
7.442099741e-05
6.094100536e-05
6.790101179e-05
7.295102114e-05
7.222098066e-05
6.354099605e-05
6.091999239e-05
7.515097968e-05
7.042099605e-05
6.838099216e-05
6.805101293e-05
6.853099330e-05
7.020100020e-05
6.808098988e-05
6.854001549e-05
6.697099889e-05
6.540099275e-05
6.658100756e-05
6.639098865e-05
6.031998782e-05
6.882098387e-05
6.802999997e-05
6.729099550e-05
6.761099212e-05
6.741099060e-05
5.959000555e-05
6.950099487e-05
6.032999954e-05
6.013098755e-05
7.383100456e-05
6.892098463e-05
6.718101213e-05
6.904001930e-05
6.650100113e-05
6.928099901e-05
7.017102325e-05
7.082099910e-05
6.906100316e-05
6.839001435e-05
5.909102038e-05
7.055100286e-05
6.852101069e-05
6.071099779e-05
6.794100045e-05
6.809100159e-05
7.018999895e-05
6.810098421e-05

[second_drift]
4.452999565e-05
4.372099647e-05
4.441101919e-05
4.411101690e-05
4.392999108e-05
4.394998541e-05
4.416998127e-05
4.418002209e-05
4.375999561e-05
4.367099609e-05
4.355999408e-05
4.419000470e-05
4.384000204e-05
4.419099423e-05
4.405001528e-05
4.398002056e-05
4.390001413e-05
4.369099042e-05
4.372000694e-05
4.374998389e-05
4.378097947e-05
4.385999637e-05
4.340099986e-05
4.407099914e-05
4.832100240e-05
4.380100290e-05
4.403101048e-05
4.377000732e-05
4.450100823e-05
4.448997788e-05
4.370100214e-05
4.362000618e-05
4.369000089e-05
4.406101652e-05
4.419099423e-05
4.359098966e-05
4.967101268e-05
4.362099571e-05
4.432100104e-05
4.399099271e-05
4.454998998e-05
4.457100295e-05
4.436998279e-05
4.430999979e-05
4.422999336e-05
5.128100747e-05
4.392000847e-05
4.350999370e-05
4.353097756e-05
4.373001866e-05

[papi_cycles]
4318948175
4318811331
4318850814
4318738470
4318787991
4318933372
4318868072
4318821231
4318786252
4318773792
4318952683
4319106509
4318861280
4318954767
4318924551
4318795583
4319025512
4318888948
4318864788
4318958698
4318935118
4319316047
4319085045
4318591851
4318771707
4318930415
4318738141
4318846438
4318790585
4318779823
4319131647
4318932012
4318834465
4318695969
4318880130
4318879702
4318646256
4319000379
4318794640
4318854311
4318890602
4318867278
4318797784
4318844391
4318829858
4318768992
4318791476
4318858469
4318904071
4318875828

[papi_instructions]
8125089769
8125088842
8125088840
8125088839
8125088839
8125088841
8125088842
8125088840
8125088842
8125088841
8125088839
8125088839
8125088841
8125088841
8125088840
8125088843
8125088839
8125088841
8125088839
8125088840
8125088840
8125088842
8125088841
8125088841
8125088841
8125088840
8125088840
8125088842
8125088840
8125088841
8125088839
8125088839
8125088840
8125088844
8125088840
8125088840
8125088840
8125088839
8125088839
8125088840
8125088840
8125088841
8125088842
8125088840
8125088838
8125088840
8125088839
8125088839
8125088839
8125088841

[papi_l1_dcm]
117411185
117408745
117408701
117407441
117408381
117407411
117408877
117406663
117407775
117407394
117409373
117410110
117406410
117406616
117407794
117410408
117407981
117407731
117408399
117409179
117407134
117408113
117410091
117408053
117406256
117409012
117409166
117409212
117405035
117408322
117406867
117407588
117406259
117408829
117409829
117407989
117405278
117408009
117407972
117406959
117406736
117407549
117408748
117408710
117405988
117408264
117407510
117409804
117407039
117408451

[papi_l2_dcm]
1735892
1740995
1740826
1745627
1746795
1743908
1740539
1744268
1749744
1747027
1748893
1746216
1738861
1741752
1749113
1742568
1745589
1742075
1744134
1742968
1753105
1746541
1744690
1741804
1744036
1749050
1748887
1741094
1745837
1743112
1745389
1747245
1739751
1746317
1746390
1739639
1745058
1741673
1749316
1743966
1737155
1741188
1744438
1744119
1751583
1743573
1736653
1741053
1747915
1745445

