[config]
variant=rsqrt
n_particles=50000
n_steps=50
dt=1.000000000e-04
eps=5.000000000e-02
G=1.000000000e+00
mass=1.000000000e+00
max_relative_energy_drift=3.078036939e-05
energy_tolerance=1.000000000e-03

[one-time]
reading_time=3.186020000e-03
writing_time=0.000000000e+00
initial_energy_time=4.068238809e+00
total_run_time=9.815680502e+01

[total_step]
1.800567845e+00
1.800355812e+00
1.799995667e+00
1.799867966e+00
1.800534635e+00
1.800163930e+00
1.800054768e+00
1.800044666e+00
1.800119729e+00
1.800088709e+00
1.799889786e+00
1.799882716e+00
1.799809295e+00
1.800003928e+00
1.799927847e+00
1.799975537e+00
1.800039108e+00
1.799982428e+00
1.799848195e+00
1.799847626e+00
1.800307042e+00
1.799998288e+00
1.799895786e+00
1.799838646e+00
1.799806345e+00
1.799954257e+00
1.799930297e+00
1.799923027e+00
1.799808555e+00
1.799842226e+00
1.800098369e+00
1.799927607e+00
1.800287861e+00
1.805434606e+00
1.799921477e+00
1.800029568e+00
1.799978887e+00
1.800618066e+00
1.800169980e+00
1.800096028e+00
1.800862049e+00
1.801683601e+00
1.801809720e+00
1.801811131e+00
1.801999633e+00
1.801837041e+00
1.802117114e+00
1.802258976e+00
1.801992203e+00
1.801769970e+00

[first_drift]
5.880000026e-05
4.356000136e-05
4.353999975e-05
4.342099783e-05
4.357099897e-05
4.338100189e-05
4.348999937e-05
4.351000098e-05
4.377000005e-05
4.371099931e-05
4.389000242e-05
4.341100066e-05
4.352999895e-05
4.352999895e-05
4.778999937e-05
4.352099859e-05
4.341000022e-05
4.345099660e-05
4.361099855e-05
4.319100117e-05
4.339100269e-05
4.355999772e-05
4.350000017e-05
4.354100020e-05
4.339999941e-05
4.352099859e-05
4.358099977e-05
4.346100104e-05
4.408000314e-05
4.350000017e-05
4.365000132e-05
4.724000246e-05
4.339000225e-05
4.359100058e-05
4.342999819e-05
4.338999861e-05
4.334999903e-05
4.380099926e-05
4.351000098e-05
4.335999984e-05
4.361099855e-05
4.348100265e-05
5.303999933e-05
4.341100066e-05
4.350100062e-05
4.342100146e-05
4.339000225e-05
4.333000106e-05
4.343099863e-05
4.361999891e-05

[force]
1.800405713e+00
1.800203120e+00
1.799847876e+00
1.799720484e+00
1.800387303e+00
1.800012858e+00
1.799908507e+00
1.799897815e+00
1.799972508e+00
1.799940786e+00
1.799740095e+00
1.799730104e+00
1.799661513e+00
1.799856976e+00
1.799775615e+00
1.799826566e+00
1.799891337e+00
1.799835015e+00
1.799701524e+00
1.799700994e+00
1.800158280e+00
1.799851666e+00
1.799747495e+00
1.799690363e+00
1.799659104e+00
1.799805095e+00
1.799782755e+00
1.799775584e+00
1.799654114e+00
1.799695654e+00
1.799951107e+00
1.799775365e+00
1.800139000e+00
1.805284934e+00
1.799774305e+00
1.799882746e+00
1.799831496e+00
1.800468214e+00
1.800022238e+00
1.799948857e+00
1.800714237e+00
1.801533948e+00
1.801651389e+00
1.801664589e+00
1.801851920e+00
1.801689158e+00
1.801970923e+00
1.802111775e+00
1.801844400e+00
1.801618308e+00

[kick]
5.964099910e-05
6.134100113e-05
6.088100054e-05
6.057100109e-05
6.016000043e-05
6.464000035e-05
5.940000119e-05
5.981999857e-05
5.980100104e-05
6.055099948e-05
6.220099749e-05
6.553099956e-05
6.036100240e-05
5.991099897e-05
6.064099944e-05
6.152999777e-05
6.040099834e-05
6.036100240e-05
5.971100109e-05
5.981100185e-05
6.125000073e-05
5.972099825e-05
6.072100223e-05
6.112100164e-05
6.007000047e-05
6.177099931e-05
6.017100168e-05
6.032099918e-05
6.103000123e-05
5.916100054e-05
6.025099719e-05
6.128099994e-05
6.216000111e-05
6.247000056e-05
5.958100155e-05
6.011100049e-05
6.075100100e-05
6.225999823e-05
6.069099982e-05
5.989100100e-05
6.028099961e-05
6.159099939e-05
6.164099977e-05
5.940099800e-05
6.109100286e-05
6.073099939e-05
5.942999996e-05
5.998999768e-05
6.049100193e-05
6.454100003e-05

[second_drift]
4.364100096e-05
4.774099943e-05
4.325999907e-05
4.338000144e-05
4.355100100e-05
4.300100045e-05
4.326099952e-05
4.347100185e-05
4.342999819e-05
4.358099977e-05
4.350000017e-05
4.361099855e-05
4.379099846e-05
4.345100024e-05
4.368100053e-05
4.385099965e-05
4.391000039e-05
4.353999975e-05
4.329000149e-05
4.356999852e-05
4.407099914e-05
4.329100193e-05
4.388999878e-05
4.357099897e-05
4.369100134e-05
4.382000043e-05
4.370999886e-05
4.356099817e-05
4.926099791e-05
4.377100049e-05
4.326100316e-05
4.367099973e-05
4.326099952e-05
4.356099817e-05
4.411099872e-05
4.323100075e-05
4.319000072e-05
4.373100091e-05
4.349099981e-05
4.386999717e-05
4.387000081e-05
4.452099893e-05
4.360000094e-05
4.362999971e-05
4.301099762e-05
4.368100053e-05
4.326099952e-05
4.373100091e-05
4.367099973e-05
4.339099905e-05

[papi_cycles]
7708543091
7708403126
7708249451
7708389959
7708364316
7708523648
7708297828
7708359595
7708508327
7708402158
7708358061
7708370051
7708255438
7708354751
7708439968
7708599675
7708604970
7708487754
7708414169
7708461155
7708421454
7708595571
7708367294
7708493438
7708402182
7708591404
7708334451
7708345227
7708307225
7708500987
7708490097
7708413988
7708456473
7708480910
7708409498
7708328788
7708407813
7708450785
7708546643
7708414069
7708609272
7708722564
7708668570
7708800384
7708830070
7708727917
7708869254
7708918217
7708771086
7708980686

[papi_instructions]
20627453069
20627452171
20627452140
20627452139
20627452138
20627452139
20627452137
20627452139
20627452139
20627452139
20627452139
20627452139
20627452138
20627452137
20627452138
20627452141
20627452139
20627452138
20627452140
20627452138
20627452139
20627452138
20627452138
20627452139
20627452138
20627452139
20627452138
20627452139
20627452138
20627452140
20627452138
20627452138
20627452141
20627452149
20627452140
20627452138
20627452139
20627452141
20627452139
20627452140
20627452140
20627452139
20627452139
20627452141
20627452151
20627452142
20627452140
20627452141
20627452140
20627452141

[papi_l1_dcm]
938628571
938844403
938869075
938855141
938870226
938852710
938849716
938873495
938864176
938845558
938864410
938838881
938857095
938853244
938866695
938869906
938862792
938862529
938848730
938855082
938864470
938854954
938870490
938866268
938870749
938878086
938863359
938865127
938867930
938872768
938868851
938859862
938861154
938856832
938852752
938867017
938864149
938861262
938865204
938854287
938874159
938884434
938881242
938883210
938878294
938879690
938884284
938886780
938884410
938884611

[papi_l2_dcm]
18218505
18200728
18224949
18193981
18227107
18217452
18249914
18235365
18265119
18243057
18235104
18216415
18261393
18234036
18237716
18289923
18207156
18368896
18173222
18232011
18321375
18259675
18279626
18303541
18268418
18365349
18275503
18303115
18230905
18307072
18238292
18258011
18188373
18240283
18306459
18279621
18280547
18272036
18264521
18199717
18306311
18389991
18344749
18362752
18345998
18333688
18402838
18369495
18337647
18384140

