[config]
variant=rsqrt
n_particles=50000
n_steps=50
dt=1.000000000e-04
eps=5.000000000e-02
G=1.000000000e+00
mass=1.000000000e+00
max_relative_energy_drift=3.078036939e-05
energy_tolerance=1.000000000e-03

[one-time]
reading_time=1.346446003e-03
writing_time=0.000000000e+00
initial_energy_time=4.049941198e+00
total_run_time=9.871077801e+01

[total_step]
1.818539960e+00
1.816718237e+00
1.807542063e+00
1.807708215e+00
1.807605304e+00
1.807706475e+00
1.807715065e+00
1.807750606e+00
1.808054949e+00
1.808406714e+00
1.815941578e+00
1.832804617e+00
1.832718866e+00
1.825966983e+00
1.808448594e+00
1.808029489e+00
1.807958969e+00
1.830768112e+00
1.833036420e+00
1.820662576e+00
1.808030170e+00
1.807902787e+00
1.808215012e+00
1.807993278e+00
1.807932178e+00
1.808130950e+00
1.816149031e+00
1.828929910e+00
1.807735175e+00
1.807582594e+00
1.808332173e+00
1.807917377e+00
1.807910938e+00
1.807830586e+00
1.807533493e+00
1.808083109e+00
1.808170151e+00
1.807761046e+00
1.807677035e+00
1.808065809e+00
1.808310213e+00
1.808119860e+00
1.808655497e+00
1.809586949e+00
1.807773235e+00
1.808567616e+00
1.808068010e+00
1.808792918e+00
1.808142161e+00
1.808165101e+00

[first_drift]
6.858100096e-05
5.357000191e-05
5.273100032e-05
5.304099977e-05
5.313099973e-05
5.306100138e-05
5.262100240e-05
5.299099939e-05
5.273100032e-05
5.713100109e-05
5.315099770e-05
5.412000246e-05
5.375100227e-05
5.386100020e-05
5.276099910e-05
5.280099867e-05
5.260100079e-05
5.313099973e-05
5.434999912e-05
5.464099740e-05
5.293099821e-05
5.290999979e-05
5.292100104e-05
5.294999937e-05
5.324100130e-05
5.279099787e-05
5.292100104e-05
5.387099736e-05
5.301000056e-05
5.307100218e-05
5.324000085e-05
5.312999929e-05
5.341100041e-05
5.308999971e-05
5.320999844e-05
5.246999717e-05
5.295099982e-05
5.308099935e-05
5.288099783e-05
5.294000221e-05
5.283100108e-05
5.345099999e-05
5.312100257e-05
5.296100062e-05
5.297999815e-05
5.283100108e-05
5.288100147e-05
5.300000339e-05
5.326099927e-05
5.308100299e-05

[force]
1.818354547e+00
1.816550995e+00
1.807376920e+00
1.807544163e+00
1.807439262e+00
1.807540002e+00
1.807548693e+00
1.807583004e+00
1.807889287e+00
1.808232582e+00
1.815773175e+00
1.832634416e+00
1.832548694e+00
1.825800871e+00
1.808281852e+00
1.807862627e+00
1.807792056e+00
1.830593480e+00
1.832848498e+00
1.820495444e+00
1.807864357e+00
1.807736536e+00
1.808049239e+00
1.807827547e+00
1.807765346e+00
1.807964418e+00
1.815974018e+00
1.828759517e+00
1.807568744e+00
1.807417111e+00
1.808165161e+00
1.807751556e+00
1.807745146e+00
1.807663955e+00
1.807367121e+00
1.807918608e+00
1.807998879e+00
1.807595323e+00
1.807511902e+00
1.807899648e+00
1.808143430e+00
1.807943287e+00
1.808488335e+00
1.809420496e+00
1.807603684e+00
1.808392754e+00
1.807901487e+00
1.808626027e+00
1.807976099e+00
1.807998738e+00

[kick]
6.332100020e-05
6.088100054e-05
5.960099952e-05
5.823099855e-05
5.984000018e-05
6.019099965e-05
6.046999988e-05
6.154999937e-05
5.998000051e-05
6.371099880e-05
6.162100181e-05
6.185000166e-05
6.241099982e-05
5.946999954e-05
6.095999925e-05
6.136000229e-05
6.141099948e-05
6.270099766e-05
7.430099868e-05
5.982099901e-05
5.983099982e-05
6.041999950e-05
5.980100104e-05
5.992000297e-05
6.000999929e-05
6.043099711e-05
6.817100075e-05
5.936100206e-05
6.003000090e-05
5.929100007e-05
6.087099973e-05
5.980100104e-05
5.967999823e-05
6.017099804e-05
6.022099842e-05
5.931099804e-05
6.501000098e-05
5.980100104e-05
5.940100164e-05
6.001099973e-05
6.085100176e-05
6.536100045e-05
6.093000047e-05
6.059099906e-05
5.935100125e-05
5.978999980e-05
5.999100176e-05
6.096099969e-05
5.944000077e-05
6.053100151e-05

[second_drift]
5.345099999e-05
5.267099914e-05
5.276099910e-05
5.265000073e-05
5.281099948e-05
5.310100096e-05
5.323100049e-05
5.300100020e-05
5.290099944e-05
5.319000047e-05
5.357099872e-05
5.418100045e-05
5.389999933e-05
5.266100197e-05
5.290099944e-05
5.265099753e-05
5.280000187e-05
5.872100155e-05
5.919099931e-05
5.262000195e-05
5.296000018e-05
5.287100066e-05
5.298999895e-05
5.276099910e-05
5.352100197e-05
5.326000246e-05
5.385999975e-05
5.692999912e-05
5.334099842e-05
5.293100185e-05
5.285099905e-05
5.284000144e-05
5.259099999e-05
5.332100045e-05
5.289100227e-05
5.261000115e-05
5.322099969e-05
5.269099711e-05
5.280099867e-05
5.315999806e-05
5.305099694e-05
5.737099855e-05
5.302100180e-05
5.280099867e-05
5.700000111e-05
6.219100032e-05
5.338099800e-05
5.283000064e-05
5.331099965e-05
5.270100155e-05

[papi_cycles]
7783650213
7779147808
7741888963
7742738570
7741921879
7742553375
7742385179
7742948017
7744065791
7742664845
7776597545
7848255234
7848279289
7820181764
7742748399
7743095120
7743502780
7839456212
7848895573
7796782736
7743808601
7742869089
7744348430
7743466891
7742670125
7744236646
7776524111
7832151950
7742322727
7741972125
7742982080
7742905078
7743295311
7742746318
7741901897
7743919341
7744209384
7742657845
7742097201
7743611953
7744358919
7743481036
7744076664
7744407876
7742188766
7744251305
7742737462
7743272188
7742583318
7742397684

[papi_instructions]
20627453085
20627452154
20627452147
20627452147
20627452148
20627452146
20627452146
20627452145
20627452148
20627452151
20627452154
20627452171
20627452170
20627452165
20627452150
20627452149
20627452144
20627452169
20627452170
20627452161
20627452146
20627452146
20627452146
20627452146
20627452149
20627452146
20627452163
20627452165
20627452149
20627452147
20627452148
20627452146
20627452054
20627452148
20627452145
20627452147
20627452146
20627452146
20627452146
20627452150
20627452146
20627452149
20627452151
20627452297
20627452147
20627452146
20627452147
20627452147
20627452147
20627452146

[papi_l1_dcm]
939030449
939074044
938872862
938879396
938872023
938883312
938870412
938873592
938882091
938882419
939028279
939361177
939359805
939232888
938881326
938871962
938877159
939305919
939361487
939125501
938886646
938873440
938878429
938878363
938885287
938874028
939030896
939283416
938890764
938885350
938879397
938880618
938874770
938873720
938876731
938876700
938883747
938884312
938877669
938874291
938880849
938871773
938878908
938877053
938873695
938876544
938877165
938879257
938873300
938871020

[papi_l2_dcm]
20553771
20552634
20117951
20132778
20114505
20091828
20094022
20109312
20105237
20129485
20476506
21290624
21300028
21008056
20114737
20130662
20107474
21195701
21287735
20740756
20099514
20115260
20103751
20132181
20099047
20112243
20469952
21129249
20118206
20105516
20088772
20118579
20126049
20113064
20099100
20114946
20122035
20119177
20114882
20120167
20135661
20133435
20117164
20131137
20108420
20109076
20119574
20109404
20139542
20113171

