[config]
variant=rsqrt
n_particles=50000
n_steps=50
dt=1.000000000e-04
eps=5.000000000e-02
G=1.000000000e+00
mass=1.000000000e+00
max_relative_energy_drift=3.078036939e-05
energy_tolerance=1.000000000e-03

[one-time]
reading_time=9.280824500e-02
writing_time=0.000000000e+00
initial_energy_time=4.082019497e+00
total_run_time=9.944422214e+01

[total_step]
1.803026407e+00
1.803707545e+00
1.800537006e+00
1.800466985e+00
1.800626407e+00
1.837059610e+00
1.837621037e+00
1.836764557e+00
1.836638575e+00
1.837271983e+00
1.836503444e+00
1.836618815e+00
1.836587424e+00
1.836568764e+00
1.836671286e+00
1.836757216e+00
1.836663125e+00
1.836797847e+00
1.836729216e+00
1.836575043e+00
1.837225226e+00
1.836772270e+00
1.838056256e+00
1.836717809e+00
1.836583058e+00
1.821324675e+00
1.800716217e+00
1.800696707e+00
1.800774907e+00
1.800587464e+00
1.800438894e+00
1.800433003e+00
1.800260211e+00
1.800445863e+00
1.800347932e+00
1.800468934e+00
1.800382972e+00
1.800463134e+00
1.827630275e+00
1.841739182e+00
1.836649968e+00
1.836491746e+00
1.837356667e+00
1.836699529e+00
1.836982492e+00
1.836714789e+00
1.836814910e+00
1.836886712e+00
1.836780540e+00
1.836694808e+00

[first_drift]
5.913100176e-05
4.365999848e-05
4.368000009e-05
4.368000009e-05
4.368000009e-05
4.353000259e-05
4.883099973e-05
4.451099812e-05
4.467100007e-05
4.902100045e-05
4.475099922e-05
4.445999730e-05
4.495000030e-05
4.990100206e-05
4.386100045e-05
4.444000297e-05
4.880100096e-05
4.434999937e-05
4.454100053e-05
4.399099998e-05
4.516099943e-05
4.845000149e-05
4.466099927e-05
4.479099880e-05
4.445100058e-05
4.468999759e-05
4.375099888e-05
4.352099859e-05
4.356999852e-05
4.371999967e-05
4.371100295e-05
4.364999768e-05
4.387100125e-05
4.362000254e-05
4.370100214e-05
4.356099817e-05
4.394999996e-05
4.813100168e-05
4.369100134e-05
4.441100100e-05
4.447099855e-05
4.492100197e-05
4.485000318e-05
4.484000237e-05
4.438999895e-05
4.920099673e-05
4.470099884e-05
4.490100036e-05
4.446999810e-05
4.490999709e-05

[force]
1.802856244e+00
1.803560154e+00
1.800389115e+00
1.800321053e+00
1.800478186e+00
1.836904699e+00
1.837465925e+00
1.836613625e+00
1.836487713e+00
1.837116461e+00
1.836353511e+00
1.836468953e+00
1.836436673e+00
1.836414512e+00
1.836521853e+00
1.836608305e+00
1.836508574e+00
1.836646626e+00
1.836579234e+00
1.836426581e+00
1.837073033e+00
1.836616698e+00
1.837903694e+00
1.836567177e+00
1.836427375e+00
1.821174554e+00
1.800568525e+00
1.800548774e+00
1.800627846e+00
1.800438773e+00
1.800292221e+00
1.800281272e+00
1.800112169e+00
1.800298362e+00
1.800201480e+00
1.800321112e+00
1.800234871e+00
1.800310352e+00
1.827475503e+00
1.841587240e+00
1.836500996e+00
1.836340744e+00
1.837205755e+00
1.836543257e+00
1.836831371e+00
1.836560057e+00
1.836663778e+00
1.836735990e+00
1.836630278e+00
1.836545267e+00

[kick]
6.735100033e-05
5.975000022e-05
6.014999963e-05
5.899100142e-05
6.057000064e-05
6.270100130e-05
6.151100024e-05
6.189100168e-05
6.114099961e-05
6.157100142e-05
6.078099977e-05
6.070100062e-05
6.127099914e-05
5.974099986e-05
6.115100041e-05
6.009099889e-05
6.122999912e-05
6.157000098e-05
6.069099982e-05
6.003000090e-05
6.198100164e-05
6.231099906e-05
6.271099846e-05
6.152100104e-05
6.631100041e-05
6.151100024e-05
6.030000077e-05
6.034099715e-05
6.023999958e-05
6.110100003e-05
5.954099834e-05
6.465000115e-05
6.025100083e-05
6.060099986e-05
5.910099935e-05
6.017999840e-05
6.080099774e-05
6.105099965e-05
6.646999827e-05
6.252100138e-05
5.996099935e-05
6.126099834e-05
6.090100214e-05
6.160100020e-05
6.233000022e-05
6.090099851e-05
6.187100007e-05
6.143000064e-05
6.106100045e-05
6.021100126e-05

[second_drift]
4.363100015e-05
4.393100244e-05
4.394099960e-05
4.307099880e-05
4.387099762e-05
4.863999857e-05
4.473000081e-05
4.447999891e-05
4.496000111e-05
4.487999831e-05
4.426099986e-05
4.458100011e-05
4.448000254e-05
4.455000089e-05
4.437099778e-05
4.433100185e-05
4.446099774e-05
4.517099660e-05
4.470000204e-05
4.434099901e-05
4.499999704e-05
4.470999920e-05
4.509000064e-05
4.428000102e-05
4.482100121e-05
4.386000001e-05
4.354100020e-05
4.389100286e-05
4.320099833e-05
4.382000043e-05
4.337100108e-05
4.329099829e-05
4.387999797e-05
4.317999992e-05
4.355000056e-05
4.399099998e-05
4.324000111e-05
4.350000017e-05
4.456100214e-05
4.496999827e-05
4.448999971e-05
4.477100083e-05
4.511099905e-05
4.959999933e-05
4.435099981e-05
4.457999967e-05
4.451000132e-05
4.434099901e-05
4.468099723e-05
4.437000098e-05

[papi_cycles]
7717049015
7722051602
7708881419
7708960977
7708913291
7844272670
7862389222
7862456235
7862137214
7862164678
7861997899
7862404781
7862661301
7862331660
7862582258
7862494608
7862248735
7862258381
7862476372
7862417391
7862467155
7862594732
7862314409
7862512293
7862238982
7793954034
7708840556
7708977581
7708950780
7708879852
7708965524
7708895597
7708785074
7708879926
7708735966
7708903469
7708888833
7708796753
7822080066
7862791211
7862249671
7862145780
7862719294
7862465100
7862642382
7862581959
7862591148
7862428677
7862699214
7862378245

[papi_instructions]
20627453072
20627452141
20627452139
20627452139
20627452141
20627452861
20627452174
20627452176
20627452175
20627452179
20627452174
20627452176
20627452172
20627452177
20627452175
20627452177
20627452174
20627452177
20627452175
20627452174
20627452178
20627452174
20627452256
20627452178
20627452173
20627452159
20627452140
20627452139
20627452142
20627452140
20627452136
20627452139
20627452138
20627452141
20627452140
20627452137
20627452138
20627452139
20627452169
20627452977
20627452176
20627452174
20627452176
20627452176
20627452175
20627452174
20627452174
20627452175
20627452178
20627452174

[papi_l1_dcm]
938688681
938815080
938812516
938811721
938807900
939249082
939302518
939300594
939302241
939301977
939302257
939303832
939299713
939305627
939302423
939305690
939301073
939305738
939299779
939302157
939303948
939299611
939304207
939301657
939303847
939087665
938805588
938812860
938808937
938814109
938807572
938806137
938815241
938816821
938818787
938812541
938812121
938806879
939173890
939316434
939303640
939299588
939304541
939297651
939302447
939301197
939297793
939303234
939300902
939299218

[papi_l2_dcm]
19713233
19739988
19780895
19791802
19784453
21842636
21940986
21914351
21924583
21935001
21922421
21924652
21939497
21948079
21918287
21941289
21912116
21935916
21919257
21918779
21919911
21916786
21906249
21919776
21925865
20822957
19786233
19775669
19790068
19761450
19770543
19794904
19749222
19754882
19771766
19744448
19771656
19764537
21605760
21913992
21907030
21912200
21915882
21926685
21927976
21917363
21914134
21919044
21916725
21922887

