[config]
variant=aos-vs-soa/soa
n_particles=50000
n_steps=50
dt=1.000000000e-04
eps=5.000000000e-02
G=1.000000000e+00
mass=1.000000000e+00
max_relative_energy_drift=3.699530700e-07
energy_tolerance=1.000000000e-03

[one-time]
reading_time=1.449919306e-03
writing_time=0.000000000e+00
initial_energy_time=4.068690674e+00

[total_step]
8.740729129e+00
8.738905687e+00
8.739394929e+00
8.739527960e+00
8.739258939e+00
8.738717526e+00
8.739129338e+00
8.739295969e+00
8.739243139e+00
8.739205448e+00
8.739410330e+00
8.739334329e+00
8.738677585e+00
8.739501051e+00
8.738686965e+00
8.739292279e+00
8.739270389e+00
8.739658422e+00
8.738876927e+00
8.739002797e+00
8.739262498e+00
8.738884807e+00
8.739258898e+00
8.739879934e+00
8.739049157e+00
8.738906976e+00
8.739239748e+00
8.738421862e+00
8.738935996e+00
8.738809386e+00
8.740471658e+00
8.738770205e+00
8.738808266e+00
8.739220938e+00
8.739438751e+00
8.738738194e+00
8.739189719e+00
8.740022943e+00
8.738805745e+00
8.738610703e+00
8.738811095e+00
8.739652712e+00
8.738696526e+00
8.739061008e+00
8.739845323e+00
8.739004487e+00
8.738920667e+00
8.739985504e+00
8.749760465e+00
8.747676170e+00

[first_drift]
6.968155503e-05
4.221033305e-05
4.164036363e-05
4.197098315e-05
4.235096276e-05
4.226993769e-05
4.224013537e-05
4.236120731e-05
4.249066114e-05
4.169065505e-05
4.222989082e-05
4.211999476e-05
4.226155579e-05
4.252977669e-05
4.191137850e-05
4.226062447e-05
4.262942821e-05
4.679057747e-05
4.249997437e-05
4.224013537e-05
4.256982356e-05
4.276074469e-05
4.231091589e-05
4.179030657e-05
4.196912050e-05
4.193931818e-05
4.186946899e-05
4.641059786e-05
4.276074469e-05
4.222057760e-05
4.229042679e-05
4.275981337e-05
4.199985415e-05
4.213117063e-05
4.181079566e-05
4.255026579e-05
4.241988063e-05
4.247017205e-05
4.250928760e-05
4.255026579e-05
4.195049405e-05
4.228018224e-05
4.217028618e-05
4.197005183e-05
4.230998456e-05
4.204921424e-05
4.194024950e-05
4.222989082e-05
4.217028618e-05
4.713051021e-05

[force]
8.740541827e+00
8.738747985e+00
8.739240309e+00
8.739373909e+00
8.739105757e+00
8.738563615e+00
8.738968565e+00
8.739143537e+00
8.739088248e+00
8.739051366e+00
8.739255239e+00
8.739180509e+00
8.738522543e+00
8.739345809e+00
8.738533013e+00
8.739137667e+00
8.739114558e+00
8.739498551e+00
8.738720675e+00
8.738848636e+00
8.739105877e+00
8.738730185e+00
8.739103877e+00
8.739724363e+00
8.738894846e+00
8.738751835e+00
8.739086038e+00
8.738262592e+00
8.738781905e+00
8.738657565e+00
8.740316276e+00
8.738615324e+00
8.738655324e+00
8.739065737e+00
8.739284419e+00
8.738584545e+00
8.739034357e+00
8.739866403e+00
8.738651626e+00
8.738455634e+00
8.738654435e+00
8.739499191e+00
8.738543274e+00
8.738905815e+00
8.739693182e+00
8.738850136e+00
8.738766345e+00
8.739830463e+00
8.749605964e+00
8.747517529e+00

[kick]
7.567089051e-05
6.900168955e-05
7.086992264e-05
6.984081119e-05
6.889086217e-05
6.944034249e-05
7.644109428e-05
6.796047091e-05
7.025059313e-05
7.022172213e-05
7.078051567e-05
6.977003068e-05
7.029064000e-05
7.084012032e-05
7.009133697e-05
7.034093142e-05
7.089134306e-05
7.074978203e-05
7.123034447e-05
6.982963532e-05
7.114093751e-05
6.948038936e-05
7.038097829e-05
7.191952318e-05
7.029995322e-05
7.078144699e-05
6.955955178e-05
7.017981261e-05
6.922986358e-05
6.745010614e-05
7.062032819e-05
6.979145110e-05
6.882101297e-05
7.101986557e-05
7.045175880e-05
6.910972297e-05
7.094070315e-05
6.891973317e-05
6.948970258e-05
7.012020797e-05
7.272046059e-05
6.936024874e-05
6.844010204e-05
7.063057274e-05
6.796047091e-05
7.034000009e-05
7.017981261e-05
7.020123303e-05
7.007084787e-05
6.898026913e-05

[second_drift]
4.188995808e-05
4.623923451e-05
4.195980728e-05
4.209950566e-05
4.180986434e-05
4.203990102e-05
4.193000495e-05
4.197005183e-05
4.201009870e-05
4.202965647e-05
4.195049405e-05
4.180055112e-05
4.235003144e-05
4.173070192e-05
4.182010889e-05
4.187040031e-05
4.216935486e-05
4.219077528e-05
4.237983376e-05
4.195142537e-05
4.277005792e-05
4.224013537e-05
4.209019244e-05
4.171114415e-05
4.190113395e-05
4.233978689e-05
4.213023931e-05
4.254095256e-05
4.195142537e-05
4.193000495e-05
4.231091589e-05
4.218984395e-05
4.197005183e-05
4.191044718e-05
4.193000495e-05
4.185084254e-05
4.186015576e-05
4.501082003e-05
4.194024950e-05
4.225969315e-05
4.184991121e-05
4.174001515e-05
4.237983376e-05
4.244968295e-05
4.173070192e-05
4.182010889e-05
4.206132144e-05
4.247017205e-05
4.211999476e-05
4.239007831e-05

