[config]
variant=aos-vs-soa/soa
n_particles=50000
n_steps=50
dt=1.000000000e-04
eps=5.000000000e-02
G=1.000000000e+00
mass=1.000000000e+00
max_relative_energy_drift=3.699530700e-07
energy_tolerance=1.000000000e-03

[one-time]
reading_time=1.452191733e-03
writing_time=0.000000000e+00
initial_energy_time=4.063934592e+00

[total_step]
8.737815546e+00
8.737336982e+00
8.736322694e+00
8.736649817e+00
8.736786189e+00
8.736601006e+00
8.736044812e+00
8.736407787e+00
8.736086222e+00
8.736505826e+00
8.736343825e+00
8.736564366e+00
8.736433205e+00
8.736098703e+00
8.736614225e+00
8.735883342e+00
8.736557076e+00
8.736528056e+00
8.736822868e+00
8.735898721e+00
8.736444617e+00
8.736471475e+00
8.736131183e+00
8.736341234e+00
8.736589497e+00
8.736671887e+00
8.736236634e+00
8.736279414e+00
8.736558476e+00
8.736229904e+00
8.736018782e+00
8.737548724e+00
8.736118282e+00
8.735873281e+00
8.736171353e+00
8.737040570e+00
8.736032632e+00
8.736132973e+00
8.737547404e+00
8.736123763e+00
8.735910490e+00
8.735828752e+00
8.736996350e+00
8.736097663e+00
8.736440466e+00
8.736711227e+00
8.740826349e+00
8.744372975e+00
8.744515018e+00
8.746924106e+00

[first_drift]
6.936024874e-05
4.267971963e-05
4.224013537e-05
4.180148244e-05
4.211161286e-05
4.304945469e-05
4.215072840e-05
4.210043699e-05
4.218053073e-05
4.209112376e-05
4.199054092e-05
4.224944860e-05
4.191976041e-05
4.219077528e-05
4.217028618e-05
4.232116044e-05
4.247948527e-05
4.236027598e-05
4.258006811e-05
4.211999476e-05
4.179961979e-05
4.176981747e-05
4.264991730e-05
4.236120731e-05
4.255026579e-05
4.195049405e-05
4.217028618e-05
4.238076508e-05
4.232954234e-05
4.191137850e-05
4.255026579e-05
4.179961979e-05
4.268996418e-05
4.229974002e-05
4.187040031e-05
4.221126437e-05
4.187040031e-05
5.252007395e-05
4.181079566e-05
4.254002124e-05
4.252977669e-05
4.190020263e-05
4.240032285e-05
4.223082215e-05
4.243012518e-05
4.243012518e-05
4.195142537e-05
4.269927740e-05
4.650093615e-05
4.245992750e-05

[force]
8.737633266e+00
8.737180672e+00
8.736168223e+00
8.736489534e+00
8.736632575e+00
8.736445555e+00
8.735892481e+00
8.736253764e+00
8.735932501e+00
8.736351484e+00
8.736188063e+00
8.736409086e+00
8.736285144e+00
8.735945182e+00
8.736460415e+00
8.735729130e+00
8.736403225e+00
8.736372065e+00
8.736667877e+00
8.735745100e+00
8.736292914e+00
8.736318444e+00
8.735976112e+00
8.736185032e+00
8.736433396e+00
8.736517645e+00
8.736076153e+00
8.736123763e+00
8.736404826e+00
8.736074852e+00
8.735857391e+00
8.737392933e+00
8.735962102e+00
8.735717450e+00
8.736022222e+00
8.736885228e+00
8.735879160e+00
8.735965332e+00
8.737392003e+00
8.735969432e+00
8.735756820e+00
8.735675380e+00
8.736841058e+00
8.735944292e+00
8.736279134e+00
8.736557306e+00
8.740672097e+00
8.744216545e+00
8.744356587e+00
8.746768884e+00

[kick]
7.073953748e-05
6.844941527e-05
6.995070726e-05
7.068086416e-05
6.919074804e-05
7.012113929e-05
6.808992475e-05
6.956048310e-05
6.946083158e-05
6.980169564e-05
7.123034447e-05
7.070042193e-05
6.377138197e-05
6.902031600e-05
6.958097219e-05
6.939005107e-05
6.901007146e-05
7.142126560e-05
7.038097829e-05
6.937142462e-05
6.786081940e-05
6.909109652e-05
6.984081119e-05
6.498117000e-05
7.140077651e-05
7.024127990e-05
7.606111467e-05
7.107015699e-05
6.901007146e-05
7.059983909e-05
7.637124509e-05
7.135141641e-05
7.076095790e-05
7.057096809e-05
6.178114563e-05
7.053092122e-05
6.925128400e-05
7.310044020e-05
7.151067257e-05
6.969086826e-05
6.901100278e-05
6.895046681e-05
7.037073374e-05
6.891041994e-05
7.675029337e-05
6.632134318e-05
6.975140423e-05
7.151067257e-05
6.989017129e-05
7.026083767e-05

[second_drift]
4.210136831e-05
4.504155368e-05
4.212930799e-05
4.757009447e-05
4.217028618e-05
4.213955253e-05
4.194118083e-05
4.222989082e-05
4.194956273e-05
4.230998456e-05
4.240032285e-05
4.218984395e-05
4.220008850e-05
4.217028618e-05
4.191976041e-05
4.236120731e-05
4.220101982e-05
4.207994789e-05
4.188995808e-05
4.199985415e-05
4.190020263e-05
4.203058779e-05
4.243012518e-05
4.871934652e-05
4.201009870e-05
4.191044718e-05
4.210975021e-05
4.206039011e-05
4.218053073e-05
4.240125418e-05
4.233978689e-05
4.249997437e-05
4.256982356e-05
4.282966256e-05
4.533957690e-05
4.245992750e-05
4.221033305e-05
4.188995808e-05
4.194024950e-05
4.197005183e-05
4.199985415e-05
4.237983376e-05
4.239100963e-05
4.209019244e-05
4.202034324e-05
4.502944648e-05
4.241988063e-05
4.207994789e-05
4.190020263e-05
4.236027598e-05

