[config]
variant=aos-vs-soa/soa
n_particles=50000
n_steps=50
dt=1.000000000e-04
eps=5.000000000e-02
G=1.000000000e+00
mass=1.000000000e+00
max_relative_energy_drift=3.699530700e-07
energy_tolerance=1.000000000e-03

[one-time]
reading_time=1.496821642e-03
writing_time=0.000000000e+00
initial_energy_time=4.068428601e+00

[total_step]
8.738166470e+00
8.736510179e+00
8.735850254e+00
8.736327487e+00
8.736277027e+00
8.736102676e+00
8.736348787e+00
8.736607729e+00
8.736415208e+00
8.736111006e+00
8.736671231e+00
8.736002116e+00
8.736477830e+00
8.736398948e+00
8.736531889e+00
8.736044745e+00
8.736314639e+00
8.736588876e+00
8.736076243e+00
8.736456205e+00
8.736466516e+00
8.736760137e+00
8.736052633e+00
8.736345464e+00
8.736511146e+00
8.735958131e+00
8.736115013e+00
8.737614725e+00
8.736258875e+00
8.735903142e+00
8.736636577e+00
8.737176182e+00
8.735983981e+00
8.736028742e+00
8.737589444e+00
8.735941242e+00
8.736018722e+00
8.735886591e+00
8.736693567e+00
8.736050032e+00
8.736444775e+00
8.736904068e+00
8.735903393e+00
8.735838560e+00
8.735884192e+00
8.736915458e+00
8.735762430e+00
8.743175817e+00
8.745377814e+00
8.746660554e+00

[first_drift]
6.952974945e-05
4.161056131e-05
4.213117063e-05
4.165992141e-05
4.160031676e-05
4.233047366e-05
4.255026579e-05
4.169158638e-05
4.211999476e-05
4.190951586e-05
4.244036973e-05
4.191044718e-05
4.175025970e-05
4.167016596e-05
4.245992750e-05
4.186015576e-05
4.231091589e-05
4.236120731e-05
4.202965647e-05
4.252977669e-05
4.197005183e-05
4.271045327e-05
4.222057760e-05
4.230998456e-05
5.158130080e-05
4.224944860e-05
4.268158227e-05
4.233978689e-05
4.221033305e-05
4.174001515e-05
4.225037992e-05
4.678033292e-05
4.221964628e-05
4.177074879e-05
4.222057760e-05
4.180986434e-05
4.239007831e-05
4.214979708e-05
4.241056740e-05
4.199054092e-05
4.194118083e-05
4.203058779e-05
4.239100963e-05
4.259031266e-05
4.173163325e-05
4.211999476e-05
4.240963608e-05
4.252977669e-05
4.256051034e-05
4.222989082e-05

[force]
8.737984831e+00
8.736356127e+00
8.735697203e+00
8.736173506e+00
8.736125005e+00
8.735947625e+00
8.736193207e+00
8.736452518e+00
8.736260947e+00
8.735957716e+00
8.736517119e+00
8.735848484e+00
8.736324288e+00
8.736243317e+00
8.736377468e+00
8.735894074e+00
8.736159847e+00
8.736435045e+00
8.735922332e+00
8.736301384e+00
8.736311965e+00
8.736606817e+00
8.735899561e+00
8.736191803e+00
8.736346643e+00
8.735804921e+00
8.735961340e+00
8.737459584e+00
8.736105963e+00
8.735748650e+00
8.736482846e+00
8.737018400e+00
8.735830031e+00
8.735874602e+00
8.737432892e+00
8.735785721e+00
8.735864301e+00
8.735730960e+00
8.736539225e+00
8.735895482e+00
8.736289224e+00
8.736750267e+00
8.735749451e+00
8.735683940e+00
8.735730570e+00
8.736761598e+00
8.735604479e+00
8.743020016e+00
8.745222723e+00
8.746506003e+00

[kick]
6.985943764e-05
7.064081728e-05
6.887968630e-05
7.051974535e-05
6.830133498e-05
7.036048919e-05
7.071997970e-05
7.139984518e-05
7.040053606e-05
6.939098239e-05
6.992090493e-05
6.936118007e-05
6.924010813e-05
7.162149996e-05
6.994977593e-05
6.355158985e-05
7.073022425e-05
6.923172623e-05
7.002986968e-05
7.043126971e-05
7.021985948e-05
6.872974336e-05
6.911158562e-05
6.950087845e-05
7.074140012e-05
6.914045662e-05
6.888154894e-05
7.074046880e-05
6.880983710e-05
7.064174861e-05
6.941054016e-05
6.900168955e-05
6.982963532e-05
7.033068687e-05
7.208995521e-05
7.168017328e-05
6.989017129e-05
7.153116167e-05
6.984174252e-05
7.073022425e-05
7.161032408e-05
6.967037916e-05
6.958097219e-05
6.973929703e-05
7.001962513e-05
6.998982280e-05
6.964057684e-05
7.130112499e-05
7.041078061e-05
7.008109242e-05

[second_drift]
4.219170660e-05
4.165992141e-05
4.190020263e-05
4.158075899e-05
4.197936505e-05
4.223082215e-05
4.217959940e-05
4.199054092e-05
4.159007221e-05
4.184991121e-05
4.160962999e-05
4.214048386e-05
4.241056740e-05
4.212930799e-05
4.187133163e-05
4.502944648e-05
4.153046757e-05
4.209950566e-05
4.163105041e-05
4.171952605e-05
4.222150892e-05
4.175025970e-05
4.160962999e-05
4.172045738e-05
4.203990102e-05
4.169996828e-05
4.195980728e-05
4.192069173e-05
4.169996828e-05
4.196912050e-05
4.186108708e-05
4.186946899e-05
4.176143557e-05
4.190951586e-05
4.210136831e-05
4.189088941e-05
4.199985415e-05
4.180986434e-05
4.195980728e-05
4.168041050e-05
4.186108708e-05
4.197005183e-05
4.175957292e-05
4.224013537e-05
4.174094647e-05
4.162080586e-05
4.566088319e-05
4.183035344e-05
4.198029637e-05
4.210043699e-05

