[config]
variant=aos-vs-soa/soa
n_particles=50000
n_steps=50
dt=1.000000000e-04
eps=5.000000000e-02
G=1.000000000e+00
mass=1.000000000e+00
max_relative_energy_drift=3.699530700e-07
energy_tolerance=1.000000000e-03

[one-time]
reading_time=1.455021091e-03
writing_time=0.000000000e+00
initial_energy_time=4.067956682e+00

[total_step]
8.746716604e+00
8.745149992e+00
8.745001492e+00
8.744217315e+00
8.744140185e+00
8.744789669e+00
8.744726699e+00
8.744639410e+00
8.744916480e+00
8.744902140e+00
8.744306926e+00
8.745050892e+00
8.744378426e+00
8.744999872e+00
8.744791269e+00
8.744587398e+00
8.744175815e+00
8.744949860e+00
8.745141222e+00
8.744254455e+00
8.745221674e+00
8.744785930e+00
8.744938872e+00
8.744592549e+00
8.745091522e+00
8.745202072e+00
8.744483168e+00
8.744444547e+00
8.745746206e+00
8.745127363e+00
8.744666309e+00
8.744686768e+00
8.744881970e+00
8.744598680e+00
8.744257848e+00
8.746236171e+00
8.744890056e+00
8.744750833e+00
8.744476401e+00
8.744704653e+00
8.744555182e+00
8.744784715e+00
8.746054377e+00
8.744833875e+00
8.744806753e+00
8.745982858e+00
8.751639069e+00
8.749496666e+00
8.749719118e+00
8.750041122e+00

[first_drift]
6.993021816e-05
4.219077528e-05
4.270020872e-05
4.218984395e-05
4.746112972e-05
4.282034934e-05
4.253070801e-05
4.249066114e-05
4.292093217e-05
4.222989082e-05
4.230998456e-05
4.277005792e-05
4.286132753e-05
4.240963608e-05
4.217121750e-05
4.270952195e-05
4.206970334e-05
4.259962589e-05
4.255119711e-05
4.254002124e-05
4.309043288e-05
4.999153316e-05
4.248134792e-05
4.215072840e-05
4.281941801e-05
4.228018224e-05
4.215072840e-05
4.287995398e-05
4.242919385e-05
4.240032285e-05
4.289019853e-05
4.285015166e-05
4.285946488e-05
4.293117672e-05
4.337169230e-05
4.237052053e-05
4.285015166e-05
4.225969315e-05
4.254002124e-05
4.285108298e-05
4.286970943e-05
4.236958921e-05
4.285015166e-05
4.234071821e-05
4.319939762e-05
4.281941801e-05
4.245992750e-05
4.264153540e-05
4.260987043e-05
4.237052053e-05

[force]
8.746534873e+00
8.744995762e+00
8.744847280e+00
8.744062264e+00
8.743979963e+00
8.744634978e+00
8.744571717e+00
8.744484637e+00
8.744761529e+00
8.744741919e+00
8.744152645e+00
8.744895251e+00
8.744223905e+00
8.744844870e+00
8.744634568e+00
8.744432838e+00
8.744022564e+00
8.744795060e+00
8.744986951e+00
8.744100303e+00
8.745066102e+00
8.744622937e+00
8.744783530e+00
8.744438428e+00
8.744936631e+00
8.745049132e+00
8.744323206e+00
8.744289906e+00
8.745590256e+00
8.744973482e+00
8.744507147e+00
8.744533988e+00
8.744726569e+00
8.744444358e+00
8.744102255e+00
8.746081278e+00
8.744733972e+00
8.744595772e+00
8.744321919e+00
8.744549691e+00
8.744395680e+00
8.744632132e+00
8.745903466e+00
8.744681012e+00
8.744650584e+00
8.745826066e+00
8.751483618e+00
8.749339694e+00
8.749562297e+00
8.749885940e+00

[kick]
6.948970258e-05
6.941985339e-05
6.922986358e-05
7.029064000e-05
7.026083767e-05
6.953999400e-05
7.006060332e-05
6.961170584e-05
6.956979632e-05
7.576961070e-05
6.905104965e-05
7.027015090e-05
6.933975965e-05
7.006153464e-05
7.203035057e-05
6.947945803e-05
6.795022637e-05
6.955023855e-05
6.905943155e-05
6.922055036e-05
7.000099868e-05
7.043033838e-05
7.013976574e-05
6.912089884e-05
6.953999400e-05
6.826035678e-05
7.538124919e-05
6.948038936e-05
7.051043212e-05
6.876047701e-05
6.885081530e-05
6.739050150e-05
7.011089474e-05
6.882101297e-05
6.963126361e-05
7.016118616e-05
7.088109851e-05
7.042102516e-05
6.939098239e-05
6.982125342e-05
7.427111268e-05
6.789062172e-05
6.225053221e-05
6.807129830e-05
6.994977593e-05
7.132068276e-05
7.061101496e-05
7.190927863e-05
7.193069905e-05
7.002055645e-05

[second_drift]
4.225131124e-05
4.249066114e-05
4.212092608e-05
4.244036973e-05
4.234071821e-05
4.209019244e-05
4.224013537e-05
4.242919385e-05
4.231091589e-05
4.206132144e-05
4.262011498e-05
4.244036973e-05
4.216097295e-05
4.228949547e-05
4.226062447e-05
4.221126437e-05
4.308111966e-05
4.240963608e-05
4.239100963e-05
4.226062447e-05
4.225037992e-05
4.240963608e-05
4.257075489e-05
4.268996418e-05
4.237145185e-05
4.224944860e-05
4.226993769e-05
4.211068153e-05
4.278030246e-05
4.255957901e-05
4.725996405e-05
4.238076508e-05
4.220008850e-05
4.240963608e-05
4.243012518e-05
4.220101982e-05
4.220101982e-05
4.222057760e-05
4.238914698e-05
4.215072840e-05
4.212092608e-05
4.216097295e-05
4.565063864e-05
4.228018224e-05
4.287064075e-05
4.243105650e-05
4.222989082e-05
4.226155579e-05
4.212092608e-05
4.263129085e-05

