[config]
variant=baseline-upgraded
n_particles=50000
n_steps=50
dt=1.000000000e-04
eps=5.000000000e-02
G=1.000000000e+00
mass=1.000000000e+00
max_relative_energy_drift=3.699530701e-07
energy_tolerance=1.000000000e-03

[one-time]
reading_time=1.462152999e-03
writing_time=0.000000000e+00
initial_energy_time=4.186175102e+00
total_run_time=1.077847709e+02

[total_step]
1.984640927e+00
1.984062242e+00
1.977870476e+00
1.974978460e+00
1.978592962e+00
2.013096406e+00
1.993651779e+00
1.979145387e+00
1.982353837e+00
1.986731016e+00
1.973785599e+00
1.974256583e+00
1.976583165e+00
1.978816674e+00
1.986291683e+00
1.979844223e+00
1.978164349e+00
1.975427874e+00
1.977726795e+00
1.980766328e+00
1.983481065e+00
1.980055153e+00
1.978693509e+00
1.982302024e+00
1.984679697e+00
1.987399413e+00
1.987221542e+00
1.982387565e+00
1.984748778e+00
1.991310671e+00
1.980459566e+00
1.983230614e+00
1.992574923e+00
1.993214480e+00
1.991116249e+00
1.991033848e+00
2.015091523e+00
1.987952829e+00
1.993786716e+00
1.994718654e+00
1.993353201e+00
1.996078038e+00
1.994832776e+00
1.993665554e+00
1.994934277e+00
1.993166299e+00
1.994798689e+00
2.005944873e+00
1.996300930e+00
1.993022358e+00

[first_drift]
7.050000022e-05
4.536000051e-05
4.513100066e-05
4.493000051e-05
4.429000001e-05
4.512099986e-05
4.508999882e-05
4.535999869e-05
4.507099948e-05
4.502000047e-05
4.461099888e-05
4.475000060e-05
4.522100062e-05
4.470000022e-05
4.432999958e-05
4.506000005e-05
5.056100053e-05
4.506100049e-05
4.472999899e-05
4.451099994e-05
4.514000102e-05
4.533100036e-05
4.514000102e-05
4.514000102e-05
4.532999992e-05
4.517999878e-05
4.526100020e-05
4.504100070e-05
5.414000043e-05
4.565000017e-05
4.559099943e-05
4.462099969e-05
5.820099977e-05
4.517100024e-05
4.561099922e-05
4.511099905e-05
4.565099880e-05
4.482999975e-05
4.578100015e-05
4.572999933e-05
4.781999996e-05
4.538099893e-05
4.513999920e-05
4.534999971e-05
5.012100155e-05
4.698100020e-05
4.492999869e-05
4.565000017e-05
4.865000119e-05
4.554000043e-05

[force]
1.984457386e+00
1.983904161e+00
1.977703644e+00
1.974803459e+00
1.978436291e+00
2.012938324e+00
1.993493428e+00
1.978987026e+00
1.982196315e+00
1.986572705e+00
1.973626517e+00
1.974098642e+00
1.976425303e+00
1.978647893e+00
1.986129452e+00
1.979678772e+00
1.978000457e+00
1.975269272e+00
1.977569424e+00
1.980608046e+00
1.983321864e+00
1.979897160e+00
1.978534108e+00
1.982142203e+00
1.984520326e+00
1.987239942e+00
1.987061650e+00
1.982223563e+00
1.984582117e+00
1.991153870e+00
1.980294134e+00
1.983058681e+00
1.992404162e+00
1.993048928e+00
1.990961868e+00
1.990875197e+00
2.014933680e+00
1.987802557e+00
1.993624154e+00
1.994563233e+00
1.993201410e+00
1.995928836e+00
1.994674065e+00
1.993501803e+00
1.994773034e+00
1.993014018e+00
1.994631218e+00
2.005772482e+00
1.996147949e+00
1.992871477e+00

[kick]
6.817999929e-05
6.751100045e-05
7.596999967e-05
8.563100164e-05
6.742100049e-05
6.781000047e-05
6.813999971e-05
6.788099927e-05
6.738000047e-05
6.821100033e-05
6.975099859e-05
6.862099872e-05
6.827000107e-05
7.592099973e-05
6.985999971e-05
6.858099914e-05
6.827100151e-05
6.858000052e-05
6.822100113e-05
6.845099961e-05
6.918100007e-05
6.802100143e-05
6.981000115e-05
6.856999971e-05
6.899000073e-05
6.927100003e-05
6.932100041e-05
6.460000077e-05
6.704999942e-05
6.608100011e-05
7.490099961e-05
7.209100113e-05
6.738100092e-05
7.442100105e-05
6.404000123e-05
6.824100092e-05
6.090100032e-05
6.033099999e-05
6.779000068e-05
6.165100058e-05
5.901099939e-05
5.892099944e-05
6.073999975e-05
6.647000009e-05
6.235100045e-05
5.987999975e-05
7.718000052e-05
7.197000014e-05
5.934000001e-05
5.992000115e-05

[second_drift]
4.481100041e-05
4.516000081e-05
4.567100041e-05
4.432999958e-05
4.484999954e-05
4.502099910e-05
4.501100011e-05
4.507000085e-05
4.501100011e-05
4.501999865e-05
4.462000106e-05
4.446000094e-05
4.432099922e-05
4.805999924e-05
4.797099973e-05
5.176000013e-05
4.500999967e-05
4.487099977e-05
4.431999878e-05
4.520999937e-05
4.479000017e-05
4.459099910e-05
4.440100020e-05
4.600099965e-05
4.500099931e-05
4.495000030e-05
4.524999895e-05
5.431099999e-05
4.532100138e-05
4.501999865e-05
4.488000013e-05
5.516999954e-05
4.502000047e-05
4.590999924e-05
4.468099905e-05
4.518999958e-05
5.120000060e-05
4.504000026e-05
4.889099910e-05
4.794000051e-05
4.491000072e-05
4.485000136e-05
5.274099931e-05
5.188099931e-05
4.866999916e-05
4.531100058e-05
4.526100020e-05
5.470100041e-05
4.492100015e-05
4.531099876e-05

[papi_cycles]
8113341480
8113181399
8113176078
8113197822
8113302232
8113299748
8113257439
8113254513
8113248383
8113274481
8113239680
8113265374
8113283865
8113290885
8113207874
8113185826
8113275421
8113256631
8113175306
8113341036
8113355147
8113279100
8113381065
8113305641
8113332767
8113297496
8113269303
8113150773
8113229841
8113179822
8113300122
8113197625
8113059786
8113252354
8113153525
8113251566
8113219029
8113264450
8113304728
8113481583
8113395658
8113208166
8113090629
8113240342
8113228742
8113200881
8113121780
8113214665
8113076338
8113235728

[papi_instructions]
6875090740
6875089825
6875089767
6875089801
6875089804
6875089815
6875089820
6875089807
6875089809
6875089812
6875089810
6875089805
6875089805
6875089805
6875089801
6875089804
6875089804
6875089802
6875089804
6875089806
6875089808
6875089805
6875089819
6875089807
6875089811
6875089813
6875089817
6875089831
6875089811
6875089816
6875089806
6875089809
6875089818
6875089818
6875089817
6875089818
6875089820
6875089813
6875089819
6875089819
6875089786
6875089820
6875089825
6875089819
6875089821
6875089820
6875089820
6875089818
6875089822
6875089818

[papi_l1_dcm]
117399651
117393593
117392716
117393175
117394413
117394407
117393986
117394102
117393654
117394980
117393728
117393458
117394856
117393726
117394189
117393038
117393329
117394021
117393144
117396467
117397215
117396247
117395026
117394681
117392973
117392622
117393328
117395227
117395473
117394068
117394980
117396051
117395033
117394768
117395435
117395676
117394313
117395176
117393730
117394434
117394798
117396195
117395752
117394436
117395878
117394174
117394576
117396432
117396002
117395036

[papi_l2_dcm]
1606297
1624815
1620961
1623610
1624096
1620903
1626927
1625173
1622235
1623786
1623853
1625050
1630242
1622332
1621956
1621445
1622634
1622386
1621676
1622749
1620551
1619881
1622423
1625164
1624511
1624076
1623257
1623078
1618473
1626951
1617106
1616763
1617470
1622539
1620056
1622940
1618468
1622925
1615788
1617441
1622463
1621845
1616977
1619736
1619983
1623493
1617749
1618445
1612558
1625596

