[config]
variant=baseline-upgraded
n_particles=50000
n_steps=50
dt=1.000000000e-04
eps=5.000000000e-02
G=1.000000000e+00
mass=1.000000000e+00
max_relative_energy_drift=3.699530701e-07
energy_tolerance=1.000000000e-03

[one-time]
reading_time=1.417433001e-03
writing_time=0.000000000e+00
initial_energy_time=4.036438124e+00
total_run_time=1.047932979e+02

[total_step]
1.897782069e+00
1.900186102e+00
1.900742837e+00
1.898621047e+00
1.898977520e+00
1.913020878e+00
1.935164659e+00
1.924280300e+00
1.903994795e+00
1.903659583e+00
1.944514214e+00
1.945154249e+00
1.958368409e+00
1.941629798e+00
1.950595158e+00
1.951671379e+00
1.951906130e+00
1.935236659e+00
1.949196776e+00
1.938539400e+00
1.930425895e+00
1.933726846e+00
1.957927045e+00
1.922755776e+00
1.952902230e+00
1.954253011e+00
1.909817868e+00
1.945365492e+00
1.945885886e+00
1.949200716e+00
1.947355929e+00
1.932869408e+00
1.934776705e+00
1.950365286e+00
1.927456569e+00
1.937088146e+00
1.934261041e+00
1.934089008e+00
1.920997321e+00
1.931518075e+00
1.945116769e+00
1.936819234e+00
1.932105101e+00
1.923252111e+00
1.944328162e+00
1.957118928e+00
1.942627956e+00
1.921905719e+00
1.925592992e+00
1.932073470e+00

[first_drift]
7.304999963e-05
4.361100036e-05
4.371999967e-05
4.373000047e-05
4.336999882e-05
4.373099910e-05
4.449100015e-05
6.435000068e-05
4.445999912e-05
4.366999929e-05
4.487099977e-05
4.427999920e-05
4.496099973e-05
4.469099986e-05
4.403999992e-05
4.459100091e-05
4.473000081e-05
5.172100100e-05
4.473100125e-05
4.561100104e-05
4.343999899e-05
4.480099960e-05
4.489099956e-05
4.450099914e-05
4.437100142e-05
4.447999891e-05
4.450999950e-05
4.379100028e-05
4.451000132e-05
4.995000018e-05
4.463000005e-05
4.441000056e-05
4.470999920e-05
4.470000022e-05
4.410099973e-05
4.508100028e-05
4.395100041e-05
4.509999962e-05
4.372100011e-05
4.506000005e-05
5.399099973e-05
4.450999950e-05
4.452999929e-05
4.421999984e-05
4.460099990e-05
4.393100062e-05
4.534000072e-05
4.322099994e-05
4.430999979e-05
4.409000030e-05

[force]
1.897597428e+00
1.900030280e+00
1.900585536e+00
1.898455026e+00
1.898812169e+00
1.912821826e+00
1.934995727e+00
1.924083909e+00
1.903838885e+00
1.903426211e+00
1.944319472e+00
1.944945277e+00
1.958206187e+00
1.941471236e+00
1.950421107e+00
1.951509607e+00
1.951707119e+00
1.935070997e+00
1.948993234e+00
1.938353508e+00
1.930272944e+00
1.933530814e+00
1.957762873e+00
1.922544794e+00
1.952738188e+00
1.954079040e+00
1.909661787e+00
1.945138719e+00
1.945718865e+00
1.949009504e+00
1.947200148e+00
1.932691537e+00
1.934623074e+00
1.950196935e+00
1.927285057e+00
1.936932474e+00
1.934084118e+00
1.933897537e+00
1.920824608e+00
1.931359474e+00
1.944927197e+00
1.936665283e+00
1.931928459e+00
1.923085599e+00
1.944171130e+00
1.956928616e+00
1.942468695e+00
1.921742327e+00
1.925435961e+00
1.931909659e+00

[kick]
6.767100058e-05
6.819100054e-05
6.982000014e-05
6.912999925e-05
6.800099982e-05
8.469099885e-05
7.974099935e-05
8.748099935e-05
6.792000022e-05
1.103610011e-04
1.027300004e-04
8.579099995e-05
7.064099918e-05
6.950999887e-05
6.589099939e-05
7.319999895e-05
1.020109994e-04
6.898099855e-05
9.240100007e-05
9.325000065e-05
6.456099982e-05
1.018009989e-04
6.722100079e-05
1.102509996e-04
7.225999980e-05
7.173099948e-05
6.798100003e-05
9.557100020e-05
6.494999980e-05
9.283100007e-05
6.681000013e-05
8.651099961e-05
6.397099969e-05
7.583099978e-05
7.161100075e-05
6.599100016e-05
8.692099982e-05
9.872100054e-05
7.098100104e-05
6.891100020e-05
8.912099838e-05
6.478000068e-05
6.507100079e-05
7.055099923e-05
6.835099884e-05
7.978999929e-05
7.061099859e-05
6.371000018e-05
6.849099918e-05
6.915099948e-05

[second_drift]
4.386999899e-05
4.396999975e-05
4.371099931e-05
5.310099914e-05
5.389000034e-05
7.050000022e-05
4.464999984e-05
4.451000132e-05
4.348099901e-05
7.922999976e-05
4.708099914e-05
7.884099978e-05
4.652000098e-05
4.422100028e-05
6.407000001e-05
4.388100024e-05
5.221999891e-05
4.491000072e-05
6.630999997e-05
4.692099901e-05
4.485000136e-05
4.937999984e-05
5.191999844e-05
5.618000068e-05
4.736099982e-05
5.765100104e-05
4.353999975e-05
8.735099982e-05
5.751100070e-05
4.831099977e-05
4.429100045e-05
4.689999878e-05
4.489999992e-05
4.776999958e-05
5.574999886e-05
4.455000089e-05
4.595100108e-05
4.759999865e-05
5.795099969e-05
4.456999886e-05
4.640000043e-05
4.461100070e-05
6.698099969e-05
5.168999996e-05
4.403000094e-05
6.654100071e-05
4.326000089e-05
5.641099960e-05
4.418000026e-05
5.050999971e-05

[papi_cycles]
8113497095
8113346575
8113389401
8113323203
8113282816
8113157723
8112928689
8112947113
8113178896
8113210744
8113031656
8112946789
8112981247
8113061182
8113123877
8112967040
8113033835
8113131797
8113130184
8112928619
8112935176
8113036253
8112920400
8113050909
8113007244
8112990999
8113018489
8113080793
8112982242
8112951217
8112929641
8112989808
8112890445
8113073433
8112997758
8112905010
8113052490
8112962373
8113086833
8112905087
8113035131
8112862532
8113009124
8112939992
8112987306
8112916732
8112999396
8113090086
8113150882
8113022068

[papi_instructions]
6875090653
6875089732
6875089725
6875089726
6875089723
6875089738
6875089759
6875089756
6875089732
6875089729
6875089769
6875089771
6875089784
6875089769
6875089762
6875089777
6875089621
6875089608
6875089773
6875089764
6875089755
6875089759
6875089784
6875089745
6875089778
6875089769
6875089735
6875089773
6875089770
6875089774
6875089773
6875089760
6875089761
6875089785
6875089753
6875089761
6875089764
6875089759
6875089749
6875089753
6875089770
6875089763
6875089758
6875089748
6875089769
6875089762
6875089770
6875089747
6875089751
6875089757

[papi_l1_dcm]
117405710
117437099
117435131
117434483
117434384
117436826
117437209
117437472
117437256
117436569
117438432
117438210
117437428
117438413
117435304
117438410
117438024
117438014
117439550
117437729
117437893
117438375
117438783
117438571
117437613
117438053
117437331
117439055
117437811
117437917
117439259
117438996
117437774
117437615
117438512
117437713
117439191
117437912
117437976
117435948
117438329
117436839
117438876
117438902
117438910
117438790
117439338
117437610
117438245
117438256

[papi_l2_dcm]
1705681
1725791
1727862
1727543
1727171
1725102
1718638
1721695
1719711
1724865
1714281
1716262
1722409
1722292
1718976
1716660
1720353
1724723
1723830
1733366
1716916
1720412
1724261
1720101
1729815
1717275
1720066
1727219
1717054
1721441
1743385
1720756
1719031
1722780
1725141
1717137
1722368
1715332
1717418
1721099
1722372
1712442
1720271
1721404
1718777
1716326
1713163
1719914
1718807
1721117

