[config]
variant=baseline-upgraded
n_particles=50000
n_steps=50
dt=1.000000000e-04
eps=5.000000000e-02
G=1.000000000e+00
mass=1.000000000e+00
max_relative_energy_drift=3.699530701e-07
energy_tolerance=1.000000000e-03

[one-time]
reading_time=1.380934000e-03
writing_time=0.000000000e+00
initial_energy_time=4.028652240e+00
total_run_time=1.029817831e+02

[total_step]
1.897951305e+00
1.897330489e+00
1.897212507e+00
1.897842414e+00
1.896938735e+00
1.896856663e+00
1.896866704e+00
1.896856954e+00
1.897637652e+00
1.897288638e+00
1.897035416e+00
1.896854213e+00
1.897088697e+00
1.898820963e+00
1.897741572e+00
1.898556531e+00
1.896567461e+00
1.896971485e+00
1.897114556e+00
1.897625922e+00
1.897011195e+00
1.919057010e+00
1.896639852e+00
1.897093076e+00
1.897999025e+00
1.896698803e+00
1.897072415e+00
1.896665922e+00
1.897375149e+00
1.898060586e+00
1.897885235e+00
1.898161357e+00
1.910440312e+00
1.896751823e+00
1.897073456e+00
1.898039486e+00
1.897131206e+00
1.896973025e+00
1.896957965e+00
1.897024915e+00
1.897988206e+00
1.896763313e+00
1.897085496e+00
1.897017186e+00
1.898134617e+00
1.896861564e+00
1.898596911e+00
1.896964405e+00
1.898008075e+00
1.897652921e+00

[first_drift]
7.199099855e-05
4.353099939e-05
4.387000081e-05
4.374099990e-05
4.327100032e-05
4.334999903e-05
4.402100058e-05
4.404100036e-05
4.311100020e-05
4.335999984e-05
4.382000043e-05
4.373999946e-05
4.871100100e-05
4.346000060e-05
4.351999996e-05
4.359099876e-05
4.325100053e-05
4.318100036e-05
4.344000081e-05
4.371099931e-05
4.407999950e-05
4.372999865e-05
4.365100176e-05
4.335000085e-05
4.378999984e-05
4.343100045e-05
4.332000026e-05
4.373099910e-05
4.362099935e-05
4.382100087e-05
4.372100011e-05
4.335999984e-05
4.902999899e-05
4.341000022e-05
4.316000013e-05
4.346999958e-05
4.325000009e-05
4.343100045e-05
4.331000127e-05
4.306000119e-05
4.379100028e-05
4.330999946e-05
4.334999903e-05
4.316000013e-05
4.343099863e-05
4.378999984e-05
4.319000072e-05
4.306000119e-05
4.742000056e-05
4.749100117e-05

[force]
1.897765233e+00
1.897174947e+00
1.897055706e+00
1.897685372e+00
1.896783853e+00
1.896700492e+00
1.896710192e+00
1.896701512e+00
1.897482360e+00
1.897127907e+00
1.896875425e+00
1.896697452e+00
1.896923094e+00
1.898665882e+00
1.897587101e+00
1.898399569e+00
1.896412029e+00
1.896816283e+00
1.896959225e+00
1.897468860e+00
1.896856394e+00
1.918900069e+00
1.896483279e+00
1.896938465e+00
1.897842414e+00
1.896542420e+00
1.896910164e+00
1.896506800e+00
1.897214527e+00
1.897904734e+00
1.897723332e+00
1.898004495e+00
1.910279221e+00
1.896596332e+00
1.896917115e+00
1.897884295e+00
1.896977205e+00
1.896817063e+00
1.896803894e+00
1.896871334e+00
1.897831054e+00
1.896608101e+00
1.896929934e+00
1.896861304e+00
1.897978685e+00
1.896705513e+00
1.898436090e+00
1.896808634e+00
1.897851324e+00
1.897492550e+00

[kick]
7.020100020e-05
6.860999929e-05
6.938099978e-05
6.855100037e-05
6.731999929e-05
6.945099994e-05
6.816099994e-05
6.778100033e-05
6.850100181e-05
7.398100024e-05
7.138000001e-05
6.912100071e-05
7.347099927e-05
6.749100066e-05
6.618100088e-05
6.917100109e-05
6.829099948e-05
6.852000115e-05
6.846100041e-05
6.895099978e-05
6.738099910e-05
6.965099965e-05
6.950100033e-05
6.782100172e-05
6.907100033e-05
6.884100003e-05
7.030099914e-05
7.114100117e-05
7.286099935e-05
6.837099863e-05
6.980099897e-05
6.917099927e-05
6.862099872e-05
6.871999904e-05
6.949999988e-05
6.848000157e-05
6.716099961e-05
6.874000064e-05
6.723000115e-05
6.690099872e-05
6.953000047e-05
6.844100062e-05
6.758100062e-05
6.933099939e-05
6.924999980e-05
6.834999840e-05
6.859099994e-05
6.858100096e-05
6.517099973e-05
6.916100028e-05

[second_drift]
4.382999941e-05
4.335100130e-05
4.343000001e-05
4.454000009e-05
4.423099926e-05
4.326000089e-05
4.427000022e-05
4.352999895e-05
4.362999971e-05
4.334000005e-05
4.468100087e-05
4.379999882e-05
4.332100070e-05
4.408099994e-05
4.470999920e-05
4.414999967e-05
4.382000043e-05
4.345100024e-05
4.335999984e-05
4.430000081e-05
4.328000068e-05
4.351000098e-05
4.336100028e-05
4.338999861e-05
4.369999988e-05
4.401099977e-05
4.857999920e-05
4.413999886e-05
4.403999992e-05
4.355000056e-05
4.832100058e-05
4.421999984e-05
4.339000043e-05
4.327100032e-05
4.363100015e-05
4.318099855e-05
4.353000077e-05
4.374099990e-05
4.346099922e-05
4.357000034e-05
4.378100130e-05
4.341000022e-05
4.452000030e-05
4.333000106e-05
4.320100015e-05
4.386100045e-05
4.899000123e-05
4.407999950e-05
4.409000030e-05
4.362000072e-05

[papi_cycles]
8113363837
8113159089
8113183397
8113231828
8113180192
8113158174
8113169929
8113242057
8113180999
8113167259
8113169648
8113223181
8113175456
8113096877
8113252527
8113059242
8113194574
8113180343
8113140200
8113170118
8113215949
8113255745
8113169243
8113252217
8113154425
8113300628
8113229364
8113194301
8113181262
8113105965
8113236517
8113184006
8113264773
8113147539
8113149251
8113143000
8113254661
8113199155
8113173187
8113200747
8113233521
8113197392
8113161870
8113194113
8113151454
8113229872
8113059242
8113171936
8113208757
8113161572

[papi_instructions]
6875090654
6875089722
6875089723
6875089725
6875089723
6875089722
6875089721
6875089723
6875089725
6875089724
6875089722
6875089721
6875089722
6875089724
6875089726
6875089724
6875089629
6875089724
6875089722
6875089724
6875089722
6875089726
6875089724
6875089723
6875089632
6875089722
6875089720
6875089725
6875089722
6875089725
6875089722
6875089726
6875089633
6875089568
6875089722
6875089723
6875089724
6875089723
6875089722
6875089722
6875089724
6875089633
6875089723
6875089722
6875089724
6875089629
6875089726
6875089721
6875089723
6875089722

[papi_l1_dcm]
117398794
117393470
117394428
117393826
117393842
117394088
117394036
117394367
117393372
117393837
117394673
117394487
117393714
117393365
117392732
117395101
117393051
117393409
117394802
117394591
117392458
117394642
117393911
117393839
117392881
117393265
117393494
117393460
117393885
117394661
117394879
117395039
117392743
117393794
117393978
117394255
117394964
117393440
117393808
117393149
117392915
117394500
117394333
117393608
117395446
117394634
117393253
117393665
117394297
117395229

[papi_l2_dcm]
1877272
1879269
1882072
1886403
1888770
1887563
1882379
1884027
1879701
1883306
1885716
1895697
1882497
1881684
1881352
1877585
1886301
1882371
1888569
1887046
1880044
1881135
1886347
1885468
1879609
1887629
1879839
1880897
1883676
1882280
1886732
1874267
1875717
1884041
1882998
1882983
1883438
1883059
1879853
1881587
1877731
1888149
1891253
1886920
1883843
1883863
1876725
1887231
1878077
1884102

