[config]
variant=baseline-upgraded
n_particles=50000
n_steps=50
dt=1.000000000e-04
eps=5.000000000e-02
G=1.000000000e+00
mass=1.000000000e+00
max_relative_energy_drift=3.699530701e-07
energy_tolerance=1.000000000e-03

[one-time]
reading_time=1.547856000e-03
writing_time=0.000000000e+00
initial_energy_time=4.033708341e+00
total_run_time=1.030027970e+02

[total_step]
1.898198937e+00
1.918643967e+00
1.897873824e+00
1.897278088e+00
1.896693893e+00
1.897020735e+00
1.897589882e+00
1.896574380e+00
1.898284579e+00
1.896830234e+00
1.908580634e+00
1.899021516e+00
1.896714312e+00
1.898339189e+00
1.897236048e+00
1.896692252e+00
1.896745002e+00
1.897403799e+00
1.897879044e+00
1.897279408e+00
1.896560140e+00
1.896827214e+00
1.897859964e+00
1.896593861e+00
1.898503831e+00
1.896870774e+00
1.896671131e+00
1.897095606e+00
1.898560341e+00
1.897973135e+00
1.897457950e+00
1.896598391e+00
1.896552181e+00
1.918017081e+00
1.896822353e+00
1.898115586e+00
1.896540761e+00
1.896807473e+00
1.897622622e+00
1.897144897e+00
1.898418540e+00
1.896665872e+00
1.897034336e+00
1.896523910e+00
1.897076896e+00
1.911897938e+00
1.896849503e+00
1.896849764e+00
1.896486661e+00
1.896723680e+00

[first_drift]
7.029099834e-05
4.320000153e-05
4.346999958e-05
4.267000077e-05
4.307000017e-05
4.291000005e-05
4.362000072e-05
4.265999996e-05
4.271099897e-05
4.268100020e-05
4.302100024e-05
4.289999924e-05
4.608000017e-05
4.269999954e-05
4.357000034e-05
4.321100096e-05
4.341000022e-05
4.320100015e-05
4.275100036e-05
4.291999903e-05
4.294999962e-05
4.280099893e-05
4.681000064e-05
4.295999861e-05
4.301100125e-05
4.288999844e-05
5.001000136e-05
4.300999899e-05
5.493999925e-05
4.303999958e-05
4.354100020e-05
4.292000085e-05
4.336099846e-05
4.302999878e-05
4.326000089e-05
4.276000072e-05
4.300100045e-05
4.326099952e-05
4.294099926e-05
4.319999971e-05
4.287000047e-05
4.267099939e-05
4.313000136e-05
4.335000085e-05
4.299099965e-05
5.061000047e-05
4.294999962e-05
4.409100075e-05
4.280000030e-05
4.328999967e-05

[force]
1.898016695e+00
1.918489796e+00
1.897719533e+00
1.897122617e+00
1.896539572e+00
1.896866984e+00
1.897430460e+00
1.896422129e+00
1.898132016e+00
1.896676972e+00
1.908425921e+00
1.898861934e+00
1.896550871e+00
1.898187168e+00
1.897081057e+00
1.896536470e+00
1.896585641e+00
1.897248968e+00
1.897723143e+00
1.897125017e+00
1.896406559e+00
1.896672872e+00
1.897702423e+00
1.896439720e+00
1.898350809e+00
1.896708372e+00
1.896508980e+00
1.896924734e+00
1.898401180e+00
1.897815304e+00
1.897303308e+00
1.896443050e+00
1.896396619e+00
1.917862579e+00
1.896665902e+00
1.897960705e+00
1.896385969e+00
1.896649051e+00
1.897467400e+00
1.896991105e+00
1.898264278e+00
1.896512480e+00
1.896880534e+00
1.896369499e+00
1.896914414e+00
1.911737766e+00
1.896692202e+00
1.896689082e+00
1.896332120e+00
1.896569209e+00

[kick]
6.845099961e-05
6.831000064e-05
6.727000073e-05
6.916100028e-05
6.822999967e-05
6.726100037e-05
6.842100083e-05
6.697100071e-05
6.707099965e-05
6.714099982e-05
6.891100020e-05
6.687100176e-05
6.814099834e-05
6.658999882e-05
6.845999997e-05
6.941100037e-05
6.851100079e-05
6.845000098e-05
6.873999882e-05
6.866000149e-05
6.775100155e-05
6.867099910e-05
6.750000102e-05
6.810100058e-05
6.740000026e-05
6.976100121e-05
6.840100104e-05
7.185100003e-05
6.153100003e-05
7.208100033e-05
6.845000098e-05
6.848099838e-05
6.879000102e-05
6.788099927e-05
6.978000056e-05
6.900100016e-05
6.857100016e-05
6.691099952e-05
6.896100058e-05
6.794100045e-05
6.781100092e-05
6.792100066e-05
6.796100024e-05
6.828100049e-05
6.838999980e-05
6.643099914e-05
6.927100003e-05
7.279000056e-05
6.895099978e-05
6.766099978e-05

[second_drift]
4.345000161e-05
4.255100066e-05
4.350099880e-05
4.357999933e-05
4.292099948e-05
4.353000077e-05
4.725100007e-05
4.257000001e-05
4.273000013e-05
4.339000043e-05
4.273100058e-05
4.968099893e-05
4.917000115e-05
4.268100020e-05
4.290100151e-05
4.303999958e-05
4.738999996e-05
4.309099859e-05
4.431100024e-05
4.276099935e-05
4.277999869e-05
4.278000051e-05
4.318100036e-05
4.303000060e-05
4.256100146e-05
4.970099872e-05
4.369099952e-05
5.588099884e-05
4.264000017e-05
4.265999996e-05
4.259100024e-05
4.389000060e-05
4.335099948e-05
4.354100020e-05
4.330100091e-05
4.301999979e-05
4.317000094e-05
4.820000140e-05
4.325999907e-05
4.258999979e-05
4.346000060e-05
4.273999912e-05
4.266100041e-05
4.272999831e-05
5.104099910e-05
4.303000060e-05
4.495000030e-05
4.374099990e-05
4.273999912e-05
4.346999958e-05

[papi_cycles]
8113914249
8113558025
8113496058
8113666426
8113617191
8113552750
8113627791
8113639579
8113656017
8113573046
8113560272
8113473803
8113650126
8113594592
8113586359
8113638204
8113541350
8113667823
8113597562
8113641807
8113559577
8113658161
8113840788
8113654985
8113596858
8113603069
8113673481
8113559195
8113497885
8113634766
8113732878
8113513828
8113572975
8113606533
8113624606
8113506743
8113600381
8113724994
8113531427
8113626829
8113665053
8113656384
8113599057
8113616581
8113688563
8113522417
8113544051
8113628321
8113620785
8113840874

[papi_instructions]
6875090653
6875089725
6875089724
6875089722
6875089723
6875089725
6875089721
6875089722
6875089723
6875089724
6875089725
6875089725
6875089721
6875089724
6875089724
6875089725
6875089719
6875089724
6875089723
6875089723
6875089725
6875089722
6875089722
6875089723
6875089725
6875089723
6875089721
6875089724
6875089724
6875089724
6875089634
6875089722
6875089722
6875089723
6875089725
6875089723
6875089723
6875089722
6875089723
6875089724
6875089724
6875089721
6875089723
6875089724
6875089723
6875089723
6875089722
6875089721
6875089723
6875089723

[papi_l1_dcm]
117403416
117413197
117412362
117413162
117412853
117411847
117412461
117412291
117414871
117411810
117414436
117413874
117413103
117414068
117412702
117412405
117411622
117413462
117412586
117412853
117410800
117412990
117413203
117412689
117412487
117412086
117412877
117413843
117413981
117413831
117413613
117413017
117412054
117413253
117414243
117412049
117412568
117412265
117412516
117411220
117413907
117411365
117412170
117411472
117413187
117413502
117412924
117412209
117411521
117413210

[papi_l2_dcm]
1764755
1767908
1767524
1770048
1769390
1776796
1781283
1780481
1775371
1772461
1774285
1768690
1776393
1778289
1771418
1768433
1776755
1772453
1767240
1779750
1779047
1769167
1781035
1782001
1777430
1782554
1776384
1780223
1774889
1777640
1781021
1784490
1778483
1780418
1782564
1775269
1772152
1775444
1774720
1776845
1783848
1775853
1771856
1774072
1775503
1766951
1775730
1778368
1772593
1778930

