[config]
variant=baseline-upgraded
n_particles=50000
n_steps=50
dt=1.000000000e-04
eps=5.000000000e-02
G=1.000000000e+00
mass=1.000000000e+00
max_relative_energy_drift=3.699530701e-07
energy_tolerance=1.000000000e-03

[one-time]
reading_time=1.432392999e-03
writing_time=0.000000000e+00
initial_energy_time=4.051070636e+00
total_run_time=1.041566157e+02

[total_step]
1.902523173e+00
1.910619706e+00
1.923351922e+00
1.901734815e+00
1.902448552e+00
1.903142348e+00
1.904768333e+00
1.905505269e+00
1.904881314e+00
1.904998925e+00
1.905027906e+00
1.905504649e+00
1.901801976e+00
1.901311642e+00
1.903065927e+00
1.901084490e+00
1.901380922e+00
1.901400863e+00
1.900672156e+00
1.901117330e+00
1.901177091e+00
1.901081879e+00
1.901563325e+00
1.902635983e+00
1.901286182e+00
1.922944737e+00
1.901801187e+00
1.902807855e+00
1.903637503e+00
1.900773897e+00
1.934202469e+00
1.937140037e+00
1.925100347e+00
1.904486571e+00
1.902712554e+00
1.902318321e+00
1.901667765e+00
1.923293431e+00
1.903566652e+00
1.902623184e+00
1.901774396e+00
1.902131799e+00
1.958831673e+00
1.985190172e+00
1.989813434e+00
1.984202864e+00
1.980479469e+00
1.974525596e+00
1.977658564e+00
1.977938927e+00

[first_drift]
7.110099978e-05
4.378999984e-05
4.478000119e-05
4.364999950e-05
5.369099927e-05
4.375000026e-05
4.375099888e-05
4.383099986e-05
4.369099952e-05
4.392099981e-05
4.371100113e-05
4.362999971e-05
4.367000111e-05
4.359999912e-05
4.367000111e-05
4.364100096e-05
4.364000051e-05
4.366099893e-05
4.359000013e-05
4.363100015e-05
5.123099982e-05
4.781000098e-05
4.360099956e-05
4.362000072e-05
4.384099884e-05
4.368999907e-05
4.696099859e-05
4.366999929e-05
4.341100066e-05
4.362999971e-05
4.360999992e-05
4.526100020e-05
5.128100020e-05
4.365099994e-05
4.360999992e-05
4.361100036e-05
4.375099888e-05
5.593099922e-05
4.396099939e-05
4.372100011e-05
4.368000009e-05
4.973999967e-05
4.366099893e-05
4.545999946e-05
4.559100125e-05
4.551100028e-05
4.525999975e-05
4.501100011e-05
4.547099888e-05
4.530000115e-05

[force]
1.902333331e+00
1.910464435e+00
1.923186251e+00
1.901560724e+00
1.902284400e+00
1.902988357e+00
1.904615252e+00
1.905350718e+00
1.904727382e+00
1.904845653e+00
1.904873774e+00
1.905341668e+00
1.901648795e+00
1.901157851e+00
1.902912996e+00
1.900930578e+00
1.901226311e+00
1.901248081e+00
1.900517924e+00
1.900947858e+00
1.901000508e+00
1.900924218e+00
1.901410193e+00
1.902483622e+00
1.901131850e+00
1.922781586e+00
1.901644135e+00
1.902651074e+00
1.903483761e+00
1.900620526e+00
1.934047648e+00
1.936983245e+00
1.924922825e+00
1.904333349e+00
1.902559473e+00
1.902164319e+00
1.901496153e+00
1.923127849e+00
1.903413610e+00
1.902470162e+00
1.901606435e+00
1.901972288e+00
1.958675011e+00
1.985032071e+00
1.989654182e+00
1.984045622e+00
1.980322008e+00
1.974367374e+00
1.977500062e+00
1.977785836e+00

[kick]
7.181999899e-05
6.652000047e-05
7.661000018e-05
7.096099944e-05
6.646099973e-05
6.626100003e-05
6.537999980e-05
6.678099999e-05
6.655099969e-05
6.550100079e-05
6.659999963e-05
7.565099986e-05
6.577000022e-05
6.628000119e-05
6.544099961e-05
6.638999912e-05
6.715099880e-05
6.537000081e-05
6.645100075e-05
6.845100143e-05
7.528099923e-05
6.602099893e-05
6.553999992e-05
6.562099952e-05
6.671000119e-05
6.756099901e-05
6.618099906e-05
6.903100075e-05
6.621000102e-05
6.571999984e-05
6.609100092e-05
6.696099990e-05
8.250100109e-05
6.586100062e-05
6.570099868e-05
6.637099978e-05
6.858099914e-05
6.597100037e-05
6.536099863e-05
6.514000052e-05
6.883000060e-05
6.544099961e-05
6.717100041e-05
6.644099994e-05
6.845099961e-05
6.613100049e-05
6.647099872e-05
6.742100049e-05
6.772099914e-05
6.193000081e-05

[second_drift]
4.687100045e-05
4.491099935e-05
4.423100108e-05
5.934000001e-05
4.393999916e-05
4.393000017e-05
4.389000060e-05
4.384000022e-05
4.363000153e-05
4.375000026e-05
4.377100049e-05
4.365099994e-05
4.368100053e-05
4.386099863e-05
4.375999924e-05
4.382100087e-05
4.376000106e-05
4.369999988e-05
4.407999950e-05
5.732999853e-05
5.002100079e-05
4.377000005e-05
4.393099880e-05
4.305000039e-05
4.367099973e-05
5.184000111e-05
4.386000001e-05
4.402000013e-05
4.407099914e-05
4.387100125e-05
4.502999946e-05
4.452000030e-05
4.368999907e-05
4.360000094e-05
4.371000068e-05
4.391000039e-05
5.908999992e-05
4.361999891e-05
4.366000030e-05
4.410099973e-05
5.535099990e-05
4.427999920e-05
4.575999992e-05
4.615000034e-05
4.515000001e-05
4.554000043e-05
4.566999996e-05
4.572999933e-05
4.523999996e-05
4.581099893e-05

[papi_cycles]
8111141679
8110957312
8110948413
8110877004
8110972739
8110878612
8110958320
8110845594
8110874010
8110970189
8110928643
8110925612
8110907756
8110857212
8110956753
8110952164
8110909122
8111050644
8110911476
8110928130
8110801958
8110911538
8110987489
8110905845
8110955981
8111003189
8110987730
8110871394
8110882637
8111002840
8110927626
8110851318
8110884528
8110893837
8111008457
8110944321
8110962489
8110824051
8110856719
8110907868
8110933831
8110943183
8110887555
8110991745
8111056223
8110962670
8110961977
8110859885
8110924776
8110994909

[papi_instructions]
6875090657
6875089736
6875089739
6875089730
6875089739
6875089726
6875089731
6875089731
6875089730
6875089732
6875089732
6875089740
6875089726
6875089734
6875089730
6875089638
6875089726
6875089728
6875089725
6875089729
6875089726
6875089727
6875089726
6875089732
6875089728
6875089758
6875089733
6875089730
6875089727
6875089728
6875089760
6875089762
6875089757
6875089728
6875089731
6875089727
6875089730
6875089726
6875089731
6875089727
6875089728
6875089731
6875089785
6875089812
6875089815
6875089809
6875089809
6875089799
6875089806
6875089811

[papi_l1_dcm]
117434026
117435670
117436303
117435441
117435418
117437534
117436160
117436229
117435955
117436649
117436165
117437706
117436074
117435174
117437313
117435010
117437339
117435857
117436537
117434974
117435208
117436339
117434565
117436651
117435352
117435460
117434666
117435433
117434483
117434511
117434650
117433330
117434933
117434863
117436057
117435769
117435378
117435918
117436271
117435919
117436082
117435632
117434722
117434174
117435209
117434538
117435251
117435585
117436075
117435322

[papi_l2_dcm]
1720408
1720896
1725426
1730393
1722220
1729607
1725767
1723944
1726989
1725307
1731483
1722431
1725546
1729354
1724737
1726840
1730345
1729025
1728618
1720970
1725377
1727007
1729471
1723564
1726834
1725846
1730371
1732304
1726265
1731097
1730800
1726480
1730426
1726433
1725678
1725243
1725187
1721713
1727303
1723526
1721777
1729286
1733331
1730781
1732980
1728012
1729462
1732980
1733547
1737203

