[config]
variant=aos-vs-soa/soa
n_particles=50000
n_steps=50
dt=1.000000000e-04
eps=5.000000000e-02
G=1.000000000e+00
mass=1.000000000e+00
max_relative_energy_drift=3.699530700e-07
energy_tolerance=1.000000000e-03

[one-time]
reading_time=8.245870471e-03
writing_time=0.000000000e+00
initial_energy_time=4.150469667e+00

[total_step]
4.251469417e+00
4.241124444e+00
4.228705819e+00
4.197624772e+00
4.297344383e+00
4.224403574e+00
4.230678190e+00
4.186477725e+00
4.194764944e+00
4.252758496e+00
4.217307489e+00
4.186255443e+00
4.224679216e+00
4.190677170e+00
4.249658885e+00
4.186807286e+00
4.511241206e+00
4.270164118e+00
4.245392330e+00
4.218282357e+00
4.220391719e+00
4.246540207e+00
4.208888220e+00
4.193090346e+00
4.264317064e+00
4.246681659e+00
4.225453589e+00
4.198812739e+00
4.194600523e+00
4.289059854e+00
4.222348911e+00
4.209933606e+00
4.194275721e+00
4.199391902e+00
4.251426618e+00
4.229281782e+00
4.193983760e+00
4.299231844e+00
4.259130673e+00
4.243066696e+00
4.205225428e+00
4.250813983e+00
4.237251614e+00
4.272778465e+00
4.193205001e+00
4.254766054e+00
4.256529636e+00
4.233196144e+00
4.192011253e+00
4.263985560e+00

[first_drift]
1.129517332e-04
8.272938430e-05
8.134078234e-05
8.730031550e-05
8.121039718e-05
8.505024016e-05
8.117035031e-05
8.112099022e-05
8.036009967e-05
8.118059486e-05
8.163135499e-05
8.230097592e-05
8.122064173e-05
8.075963706e-05
8.496083319e-05
8.179061115e-05
8.123088628e-05
8.105020970e-05
8.106976748e-05
8.105020970e-05
8.094962686e-05
8.478015661e-05
8.074007928e-05
8.102133870e-05
8.088070899e-05
8.091982454e-05
8.145067841e-05
8.115079254e-05
8.096080273e-05
8.201133460e-05
8.106138557e-05
8.070003241e-05
8.090957999e-05
8.090957999e-05
8.135102689e-05
8.152984083e-05
8.192099631e-05
8.607935160e-05
8.116941899e-05
8.104089648e-05
8.977111429e-05
8.075032383e-05
8.219014853e-05
8.091144264e-05
8.051004261e-05
8.135009557e-05
8.096918464e-05
8.679088205e-05
8.138082922e-05
8.095987141e-05

[force]
4.251159995e+00
4.240860173e+00
4.228438677e+00
4.197357381e+00
4.297082862e+00
4.224138321e+00
4.230409549e+00
4.186215772e+00
4.194503163e+00
4.252492573e+00
4.217045307e+00
4.185993191e+00
4.224416813e+00
4.190416189e+00
4.249391413e+00
4.186542684e+00
4.510979583e+00
4.269903488e+00
4.245130729e+00
4.218020685e+00
4.220125728e+00
4.246274056e+00
4.208624339e+00
4.192829973e+00
4.264053863e+00
4.246420267e+00
4.225190857e+00
4.198551217e+00
4.194339091e+00
4.288795621e+00
4.222086889e+00
4.209671655e+00
4.194012440e+00
4.199127452e+00
4.251159835e+00
4.229008371e+00
4.193719656e+00
4.298963013e+00
4.258868682e+00
4.242790543e+00
4.204955426e+00
4.250551392e+00
4.236988413e+00
4.272517743e+00
4.192945269e+00
4.254503521e+00
4.256266005e+00
4.232909002e+00
4.191744210e+00
4.263720869e+00

[kick]
1.136995852e-04
1.003704965e-04
1.038303599e-04
9.930972010e-05
9.901076555e-05
9.924080223e-05
9.950064123e-05
9.946152568e-05
1.003602520e-04
9.912066162e-05
9.886175394e-05
9.910110384e-05
9.986013174e-05
9.935069829e-05
1.010810956e-04
9.947083890e-05
9.930133820e-05
9.855069220e-05
9.961985052e-05
9.938050061e-05
1.039812341e-04
1.005399972e-04
1.018811017e-04
9.804125875e-05
1.012403518e-04
9.945034981e-05
1.001013443e-04
9.958073497e-05
9.874068201e-05
1.010308042e-04
1.000296324e-04
9.963009506e-05
1.007998362e-04
1.025404781e-04
1.005101949e-04
1.011807472e-04
1.014014706e-04
1.016706228e-04
9.921099991e-05
1.047216356e-04
9.932089597e-05
9.966082871e-05
9.974092245e-05
9.871087968e-05
9.806081653e-05
1.000603661e-04
1.016398892e-04
1.193406060e-04
1.045614481e-04
1.011202112e-04

[second_drift]
8.255150169e-05
8.112005889e-05
8.182041347e-05
8.073076606e-05
8.125044405e-05
8.090026677e-05
8.792057633e-05
8.129980415e-05
8.088070899e-05
8.539017290e-05
8.162949234e-05
8.076988161e-05
8.128117770e-05
8.081085980e-05
8.125044405e-05
8.329097182e-05
8.104089648e-05
8.097104728e-05
8.085090667e-05
8.118990809e-05
8.101016283e-05
8.078105748e-05
8.120946586e-05
8.126068860e-05
8.103065193e-05
8.097104728e-05
8.113030344e-05
8.074007928e-05
8.168071508e-05
8.114054799e-05
8.088164032e-05
8.157081902e-05
8.152145892e-05
8.095055819e-05
8.487142622e-05
9.065028280e-05
8.073076606e-05
8.103065193e-05
8.155032992e-05
9.033922106e-05
8.082110435e-05
8.212123066e-05
8.121971041e-05
8.105114102e-05
8.110143244e-05
8.106138557e-05
8.096080273e-05
8.089002222e-05
8.104089648e-05
8.255057037e-05

