[config]
variant=aos-vs-soa/soa
n_particles=50000
n_steps=50
dt=1.000000000e-04
eps=5.000000000e-02
G=1.000000000e+00
mass=1.000000000e+00
max_relative_energy_drift=3.699530700e-07
energy_tolerance=1.000000000e-03

[one-time]
reading_time=1.559669152e-03
writing_time=0.000000000e+00
initial_energy_time=4.102423917e+00

[total_step]
4.196227844e+00
4.199758815e+00
4.220126888e+00
4.221444506e+00
4.200117815e+00
4.245457571e+00
4.224181241e+00
4.213047065e+00
4.202261960e+00
4.230536160e+00
4.216593926e+00
4.228496948e+00
4.196154312e+00
4.254890136e+00
4.473201435e+00
4.230962752e+00
4.234833996e+00
4.202156180e+00
4.230982153e+00
4.247159950e+00
4.222650002e+00
4.194787065e+00
4.215309888e+00
4.226361864e+00
4.227243330e+00
4.197587801e+00
4.227414091e+00
4.216915668e+00
4.219466204e+00
4.216122154e+00
4.194814484e+00
4.274216914e+00
4.226907689e+00
4.228896040e+00
4.197606931e+00
4.209290392e+00
4.241909598e+00
4.524606146e+00
4.195652760e+00
4.235895352e+00
4.239691355e+00
4.195802561e+00
4.234109592e+00
4.244977128e+00
4.228020045e+00
4.237852775e+00
4.196366314e+00
4.245845305e+00
4.258273037e+00
4.226508656e+00

[first_drift]
1.095402986e-04
8.254125714e-05
8.560158312e-05
9.776931256e-05
8.280947804e-05
8.281972259e-05
8.749030530e-05
8.244160563e-05
8.417107165e-05
8.262973279e-05
9.065028280e-05
8.290167898e-05
8.270982653e-05
8.319970220e-05
8.258968592e-05
8.254125714e-05
8.300133049e-05
8.248072118e-05
8.275080472e-05
8.285138756e-05
9.633973241e-05
8.420087397e-05
8.364953101e-05
8.303020149e-05
8.314102888e-05
8.288118988e-05
8.291006088e-05
8.285045624e-05
8.298084140e-05
8.276011795e-05
8.261017501e-05
8.255150169e-05
8.311029524e-05
8.287932724e-05
8.282065392e-05
8.250959218e-05
8.276943117e-05
8.956063539e-05
8.446071297e-05
8.353032172e-05
8.302088827e-05
8.312985301e-05
8.267164230e-05
8.245091885e-05
8.310936391e-05
8.265953511e-05
8.282158524e-05
8.285976946e-05
8.278060704e-05
8.281134069e-05

[force]
4.195914601e+00
4.199486973e+00
4.219855584e+00
4.221160104e+00
4.199834595e+00
4.245188660e+00
4.223897209e+00
4.212781193e+00
4.201978308e+00
4.230254289e+00
4.216316304e+00
4.228206405e+00
4.195884262e+00
4.254604166e+00
4.472934474e+00
4.230696041e+00
4.234548024e+00
4.201874117e+00
4.230709491e+00
4.246883637e+00
4.222360021e+00
4.194503753e+00
4.215034067e+00
4.226091294e+00
4.226973958e+00
4.197316320e+00
4.227148870e+00
4.216634766e+00
4.219176831e+00
4.215850662e+00
4.194540753e+00
4.273940631e+00
4.226627177e+00
4.228608619e+00
4.197338350e+00
4.209018362e+00
4.241631847e+00
4.524317814e+00
4.195364708e+00
4.235608711e+00
4.239408944e+00
4.195533629e+00
4.233832200e+00
4.244711665e+00
4.227744373e+00
4.237572543e+00
4.196079701e+00
4.245577272e+00
4.257984675e+00
4.226236544e+00

[kick]
1.053810120e-04
1.065116376e-04
1.033218578e-04
1.042308286e-04
1.175301149e-04
1.035695896e-04
1.136315987e-04
9.970087558e-05
1.162597910e-04
1.162514091e-04
1.040808856e-04
1.175310463e-04
1.047793776e-04
1.197308302e-04
1.018410549e-04
1.009004191e-04
1.188814640e-04
1.165308058e-04
1.070406288e-04
1.101708040e-04
1.033218578e-04
1.159803942e-04
1.098718494e-04
1.051612198e-04
1.036003232e-04
1.057097688e-04
9.900145233e-05
1.154905185e-04
1.236014068e-04
1.057107002e-04
1.084310934e-04
1.112511382e-04
1.150704920e-04
1.221410930e-04
1.022098586e-04
1.002596691e-04
1.122709364e-04
1.154309139e-04
1.202803105e-04
1.155510545e-04
1.165801659e-04
1.025917009e-04
1.126211137e-04
1.006107777e-04
1.071710140e-04
1.144409180e-04
1.146113500e-04
1.023905352e-04
1.160707325e-04
1.065200195e-04

[second_drift]
9.826011956e-05
8.273962885e-05
8.231960237e-05
8.230097592e-05
8.279085159e-05
8.246116340e-05
8.285045624e-05
8.368957788e-05
8.312147111e-05
8.292961866e-05
8.282996714e-05
9.005982429e-05
8.250121027e-05
8.299015462e-05
8.247047663e-05
8.322019130e-05
8.403975517e-05
8.299946785e-05
8.280016482e-05
8.315034211e-05
9.026937187e-05
8.307117969e-05
8.224975318e-05
8.231960237e-05
8.246023208e-05
8.284114301e-05
8.320994675e-05
8.252076805e-05
8.273962885e-05
8.295103908e-05
8.259993047e-05
8.244067430e-05
8.228141814e-05
8.231960237e-05
8.345115930e-05
8.920114487e-05
8.266139776e-05
8.322950453e-05
8.321087807e-05
8.749961853e-05
8.273124695e-05
8.312053978e-05
8.204951882e-05
8.234102279e-05
8.529052138e-05
8.308980614e-05
8.913036436e-05
8.268095553e-05
8.946005255e-05
8.273124695e-05

