[config]
variant=aos-vs-soa/soa
n_particles=50000
n_steps=50
dt=1.000000000e-04
eps=5.000000000e-02
G=1.000000000e+00
mass=1.000000000e+00
max_relative_energy_drift=3.699530700e-07
energy_tolerance=1.000000000e-03

[one-time]
reading_time=1.447280869e-03
writing_time=0.000000000e+00
initial_energy_time=4.063609379e+00

[total_step]
4.247849712e+00
4.175616462e+00
4.176611478e+00
4.175414470e+00
4.270689021e+00
4.175536942e+00
4.178303401e+00
4.175924995e+00
4.175847253e+00
4.175809864e+00
4.251807330e+00
4.179198748e+00
4.175786183e+00
4.175689272e+00
4.175782735e+00
4.246352652e+00
4.175790023e+00
4.175856904e+00
4.176256398e+00
4.175492101e+00
4.272741823e+00
4.175711664e+00
4.175772285e+00
4.175885345e+00
4.176192148e+00
4.252388620e+00
4.175784615e+00
4.175978976e+00
4.177042522e+00
4.180636354e+00
4.179865750e+00
4.250376448e+00
4.180308343e+00
4.180039410e+00
4.179760619e+00
4.179915681e+00
4.276892168e+00
4.180119662e+00
4.180153621e+00
4.180923115e+00
4.255902621e+00
4.179991050e+00
4.180872906e+00
4.181348087e+00
4.181151127e+00
4.250316298e+00
4.180734185e+00
4.179862711e+00
4.179885999e+00
4.180016901e+00

[first_drift]
1.111803576e-04
8.163973689e-05
8.116010576e-05
8.164066821e-05
8.114147931e-05
8.108001202e-05
8.162017912e-05
8.128117770e-05
8.164998144e-05
8.140038699e-05
8.120946586e-05
8.139014244e-05
8.132122457e-05
8.127093315e-05
8.173100650e-05
8.118059486e-05
8.131004870e-05
8.120108396e-05
8.124019951e-05
8.146092296e-05
8.176080883e-05
8.561089635e-05
8.167047054e-05
8.134916425e-05
8.081179112e-05
8.141063154e-05
8.688028902e-05
8.121039718e-05
8.266046643e-05
8.301995695e-05
8.147116750e-05
8.150935173e-05
8.099991828e-05
9.035039693e-05
9.538978338e-05
8.319038898e-05
8.251145482e-05
8.145067841e-05
8.161924779e-05
8.147116750e-05
8.137058467e-05
8.131004870e-05
8.183065802e-05
8.291006088e-05
8.104089648e-05
8.134078234e-05
8.121132851e-05
8.146092296e-05
8.616037667e-05
8.165091276e-05

[force]
4.247558400e+00
4.175348740e+00
4.176350608e+00
4.175149568e+00
4.270427368e+00
4.175276140e+00
4.178039391e+00
4.175664102e+00
4.175585242e+00
4.175548231e+00
4.251541019e+00
4.178936508e+00
4.175519801e+00
4.175427791e+00
4.175520752e+00
4.246090119e+00
4.175529411e+00
4.175594782e+00
4.175994866e+00
4.175228900e+00
4.272480171e+00
4.175446393e+00
4.175509004e+00
4.175622094e+00
4.175930075e+00
4.252126838e+00
4.175518124e+00
4.175716625e+00
4.176776282e+00
4.180373283e+00
4.179603448e+00
4.250114966e+00
4.180045531e+00
4.179770030e+00
4.179483088e+00
4.179649938e+00
4.276627226e+00
4.179858000e+00
4.179891081e+00
4.180659964e+00
4.255640300e+00
4.179728929e+00
4.180609263e+00
4.181084947e+00
4.180883816e+00
4.250052745e+00
4.180467472e+00
4.179600888e+00
4.179618538e+00
4.179754100e+00

[kick]
9.926129133e-05
1.045716926e-04
9.830109775e-05
1.018512994e-04
9.941123426e-05
9.815022349e-05
1.008501276e-04
9.825173765e-05
9.880121797e-05
9.894091636e-05
9.930133820e-05
9.982939810e-05
9.948108345e-05
9.836070240e-05
9.892135859e-05
9.915139526e-05
9.813066572e-05
9.945128113e-05
9.892974049e-05
9.936094284e-05
9.843148291e-05
9.792018682e-05
1.001898199e-04
1.005008817e-04
9.935162961e-05
9.908992797e-05
9.820982814e-05
9.812973440e-05
1.002997160e-04
9.855069220e-05
9.970925748e-05
9.887106717e-05
9.984988719e-05
9.758956730e-05
9.903125465e-05
1.000510529e-04
1.012710854e-04
9.909085929e-05
9.949039668e-05
1.006713137e-04
1.003099605e-04
9.983126074e-05
9.922031313e-05
9.895116091e-05
9.887944907e-05
1.007709652e-04
9.935069829e-05
9.872112423e-05
1.000016928e-04
9.994953871e-05

[second_drift]
8.074101061e-05
8.146092296e-05
8.118990809e-05
8.135940880e-05
8.106138557e-05
8.147116750e-05
8.145999163e-05
8.131098002e-05
8.143950254e-05
8.117128164e-05
8.574035019e-05
8.097104728e-05
8.543953300e-05
8.180085570e-05
8.128024638e-05
8.215103298e-05
8.112005889e-05
8.143018931e-05
8.131098002e-05
8.223019540e-05
8.139945567e-05
8.169095963e-05
8.137151599e-05
8.135102689e-05
8.185952902e-05
8.122157305e-05
8.134078234e-05
8.295103908e-05
8.323136717e-05
8.144043386e-05
8.106138557e-05
8.105020970e-05
8.190050721e-05
8.132122457e-05
8.297991008e-05
8.244067430e-05
8.103996515e-05
8.107069880e-05
8.138176054e-05
8.095055819e-05
8.059106767e-05
8.093006909e-05
8.253101259e-05
8.122995496e-05
8.734129369e-05
8.122995496e-05
8.610077202e-05
8.158944547e-05
8.124951273e-05
8.114147931e-05

