[config]
variant=aos-vs-soa/soa
n_particles=50000
n_steps=50
dt=1.000000000e-04
eps=5.000000000e-02
G=1.000000000e+00
mass=1.000000000e+00
max_relative_energy_drift=3.699530700e-07
energy_tolerance=1.000000000e-03

[one-time]
reading_time=1.458000392e-03
writing_time=0.000000000e+00
initial_energy_time=4.065640943e+00

[total_step]
4.182272510e+00
4.217024777e+00
4.194523960e+00
4.177551516e+00
4.194580631e+00
4.180694479e+00
4.326209767e+00
4.178446943e+00
4.202093706e+00
4.180131135e+00
4.177752788e+00
4.177493076e+00
4.253439743e+00
4.196211194e+00
4.180077366e+00
4.178989045e+00
4.216650124e+00
4.194622961e+00
4.194344779e+00
4.180416087e+00
4.178074870e+00
4.221233337e+00
4.202126897e+00
4.181007052e+00
4.177326014e+00
4.177554086e+00
4.253443545e+00
4.195972421e+00
4.177116993e+00
4.180401168e+00
4.178670044e+00
4.233987960e+00
4.177710827e+00
4.194691902e+00
4.181049281e+00
4.177744278e+00
4.177277074e+00
4.245273783e+00
4.181171283e+00
4.177851668e+00
4.177590387e+00
4.178389882e+00
4.271452795e+00
4.179815383e+00
4.177104973e+00
4.177670787e+00
4.178335592e+00
4.251035705e+00
4.180712719e+00
4.177299034e+00

[first_drift]
1.100199297e-04
8.020084351e-05
8.051004261e-05
8.100084960e-05
8.020084351e-05
8.041970432e-05
8.173007518e-05
8.004065603e-05
8.132029325e-05
8.009001613e-05
8.060131222e-05
8.021108806e-05
7.999036461e-05
8.023157716e-05
8.023064584e-05
8.070096374e-05
8.037127554e-05
8.052960038e-05
8.071120828e-05
8.447002620e-05
8.040945977e-05
8.013937622e-05
8.019059896e-05
8.052028716e-05
8.063018322e-05
8.063111454e-05
8.040107787e-05
8.018966764e-05
8.082110435e-05
8.034147322e-05
8.010119200e-05
8.040945977e-05
8.032098413e-05
8.014123887e-05
8.043926209e-05
8.040107787e-05
8.028000593e-05
8.040945977e-05
8.006114513e-05
8.144043386e-05
8.162111044e-05
8.031073958e-05
8.038152009e-05
8.073169738e-05
8.034147322e-05
8.041132241e-05
8.019153029e-05
8.022040129e-05
7.998012006e-05
8.035078645e-05

[force]
4.181977109e+00
4.216761434e+00
4.194264359e+00
4.177292414e+00
4.194320509e+00
4.180435337e+00
4.325949186e+00
4.178182611e+00
4.201832925e+00
4.179870523e+00
4.177485986e+00
4.177235205e+00
4.253176302e+00
4.195952331e+00
4.179815933e+00
4.178730054e+00
4.216385111e+00
4.194364850e+00
4.194084537e+00
4.180152736e+00
4.177813618e+00
4.220973305e+00
4.201867155e+00
4.180748150e+00
4.177061463e+00
4.177296684e+00
4.253178121e+00
4.195706091e+00
4.176857551e+00
4.180140135e+00
4.178409172e+00
4.233727969e+00
4.177447685e+00
4.194430770e+00
4.180788901e+00
4.177483605e+00
4.177018423e+00
4.245008882e+00
4.180913031e+00
4.177583496e+00
4.177330255e+00
4.178126520e+00
4.271192922e+00
4.179557570e+00
4.176846331e+00
4.177404795e+00
4.178076610e+00
4.250774973e+00
4.180453688e+00
4.177039912e+00

[kick]
1.051407307e-04
1.026010141e-04
9.856000543e-05
9.767059237e-05
9.931065142e-05
9.812042117e-05
9.852088988e-05
1.027602702e-04
9.906105697e-05
1.002913341e-04
1.057097688e-04
9.736977518e-05
1.030210406e-04
9.780004621e-05
1.008799300e-04
9.806174785e-05
1.001106575e-04
9.758956730e-05
9.878072888e-05
9.848084301e-05
1.004207879e-04
9.934045374e-05
9.797979146e-05
9.827129543e-05
1.032613218e-04
9.641051292e-05
1.044813544e-04
1.057004556e-04
9.823124856e-05
9.962078184e-05
9.893067181e-05
9.894091636e-05
9.833090007e-05
1.006508246e-04
9.841099381e-05
9.993091226e-05
9.807012975e-05
9.975116700e-05
9.651016444e-05
1.061409712e-04
9.807012975e-05
9.880028665e-05
9.843148291e-05
9.630154818e-05
9.801052511e-05
1.052115113e-04
9.853113443e-05
9.852088988e-05
9.859073907e-05
9.825080633e-05

[second_drift]
8.019153029e-05
8.042156696e-05
8.048117161e-05
8.037034422e-05
8.056126535e-05
8.055102080e-05
8.027069271e-05
8.137058467e-05
8.035078645e-05
8.011981845e-05
8.044112474e-05
8.017104119e-05
8.038058877e-05
8.071120828e-05
8.025113493e-05
8.017942309e-05
8.447095752e-05
7.987115532e-05
8.066091686e-05
8.034054190e-05
8.036103100e-05
8.049048483e-05
8.151121438e-05
8.001085371e-05
8.045975119e-05
8.030980825e-05
8.049048483e-05
8.037965745e-05
8.034054190e-05
8.090026677e-05
8.178129792e-05
8.059013635e-05
8.444022387e-05
8.019059896e-05
8.147954941e-05
8.029118180e-05
8.024182171e-05
8.460041136e-05
8.156057447e-05
8.053053170e-05
8.039083332e-05
8.420087397e-05
8.101016283e-05
8.072983474e-05
8.023995906e-05
8.030980825e-05
8.020922542e-05
8.188094944e-05
8.040107787e-05
8.038990200e-05

