[config]
variant=v0-naive
n_particles=50000
n_steps=50
dt=1.000000000e-04
eps=5.000000000e-02
G=1.000000000e+00
mass=1.000000000e+00
max_relative_energy_drift=3.699527893e-07
energy_tolerance=1.000000000e-03

[one-time]
reading_time=3.081000003e-03
writing_time=0.000000000e+00
initial_energy_time=1.224653000e+00

[total_step]
4.214538000e+00
4.211299000e+00
4.607414000e+00
4.534212000e+00
4.216961000e+00
4.215576000e+00
4.216944000e+00
4.215593000e+00
4.270472000e+00
4.278221000e+00
4.215070000e+00
4.217770000e+00
4.199618000e+00
4.615655000e+00
4.330318000e+00
4.531835000e+00
4.628158000e+00
4.319805000e+00
4.490549000e+00
4.415834000e+00
4.341670000e+00
4.392351000e+00
4.600318000e+00
4.565603000e+00
4.552657000e+00
4.289885000e+00
4.827949000e+00
4.237707000e+00
4.203492000e+00
4.272545000e+00
4.210294000e+00
4.202201000e+00
4.202171000e+00
4.215494000e+00
4.199126000e+00
4.203038000e+00
4.198508000e+00
4.199067000e+00
4.199274000e+00
4.202487000e+00
4.199059000e+00
4.207799000e+00
4.198500000e+00
4.196964000e+00
4.200285000e+00
4.200335000e+00
4.216500000e+00
4.201970000e+00
4.197304000e+00
4.229033000e+00

[first_drift]
4.199997056e-05
3.699999070e-05
3.799999831e-05
3.799999831e-05
3.699999070e-05
3.699999070e-05
3.699999070e-05
3.799999831e-05
3.699999070e-05
3.700004891e-05
4.199997056e-05
3.699999070e-05
3.799999831e-05
3.699999070e-05
3.900000593e-05
3.699999070e-05
3.799999831e-05
3.799999831e-05
3.799999831e-05
3.999995533e-05
1.509999856e-04
3.799999831e-05
3.799999831e-05
9.699998191e-05
3.799999831e-05
3.699999070e-05
3.699999070e-05
1.130000455e-04
3.700004891e-05
3.700004891e-05
1.020000200e-04
3.699999070e-05
3.799999831e-05
3.699999070e-05
3.799999831e-05
3.699999070e-05
3.699999070e-05
3.699999070e-05
3.699999070e-05
3.799999831e-05
4.599994281e-05
3.700004891e-05
3.699999070e-05
3.699999070e-05
3.799999831e-05
3.700004891e-05
3.700004891e-05
3.699999070e-05
3.699999070e-05
3.700004891e-05

[force]
4.214300000e+00
4.211103000e+00
4.606897000e+00
4.533554000e+00
4.216824000e+00
4.215355000e+00
4.216793000e+00
4.215387000e+00
4.270271000e+00
4.277679000e+00
4.214852000e+00
4.217544000e+00
4.199415000e+00
4.615078000e+00
4.330156000e+00
4.531334000e+00
4.627860000e+00
4.319241000e+00
4.490157000e+00
4.415696000e+00
4.341109000e+00
4.391891000e+00
4.598391000e+00
4.564925000e+00
4.552042000e+00
4.289697000e+00
4.825868000e+00
4.237497000e+00
4.203361000e+00
4.272333000e+00
4.210073000e+00
4.202020000e+00
4.202038000e+00
4.215232000e+00
4.198988000e+00
4.202814000e+00
4.198381000e+00
4.198882000e+00
4.198907000e+00
4.202325000e+00
4.198889000e+00
4.207579000e+00
4.198345000e+00
4.196807000e+00
4.200104000e+00
4.200206000e+00
4.216354000e+00
4.201821000e+00
4.197122000e+00
4.228672000e+00

[kick]
1.540000085e-04
1.200000406e-04
4.219999537e-04
5.649999948e-04
6.099999882e-05
1.229999471e-04
5.400000373e-05
1.039999770e-04
1.049999846e-04
4.369999515e-04
1.039999770e-04
1.320000156e-04
1.229999471e-04
4.820000031e-04
6.699998630e-05
4.119999940e-04
2.090000198e-04
4.740000004e-04
3.070000093e-04
4.899996566e-05
3.460000153e-04
2.819999936e-04
1.759000006e-03
5.240000319e-04
5.180000444e-04
8.199998410e-05
1.876999973e-03
5.400000373e-05
5.400000373e-05
1.049999846e-04
8.099997649e-05
7.399998140e-05
5.400000373e-05
1.630000188e-04
5.699996836e-05
1.269999775e-04
4.800001625e-05
1.100000227e-04
2.899999963e-04
7.200002437e-05
7.599999662e-05
1.100000227e-04
7.200002437e-05
8.199998410e-05
9.799998952e-05
5.400000373e-05
5.400000373e-05
7.299997378e-05
1.059999922e-04
2.519999980e-04

[second_drift]
4.200002877e-05
3.799999831e-05
5.700002657e-05
5.499995314e-05
3.900000593e-05
6.099999882e-05
6.000004942e-05
4.399998579e-05
4.000001354e-05
6.800005212e-05
7.200002437e-05
5.699996836e-05
4.200002877e-05
5.799997598e-05
5.600001896e-05
5.199998850e-05
5.099998089e-05
5.199998850e-05
4.700000864e-05
4.900002386e-05
6.299995584e-05
1.400000183e-04
1.300000004e-04
5.699996836e-05
5.899998359e-05
6.900000153e-05
1.659999834e-04
4.299997818e-05
3.999995533e-05
7.000000915e-05
3.699999070e-05
7.000000915e-05
4.100002116e-05
6.200000644e-05
4.200002877e-05
5.999999121e-05
4.099996295e-05
3.699999070e-05
4.000001354e-05
5.199998850e-05
4.799995804e-05
7.199996617e-05
3.699999070e-05
3.799999831e-05
4.400004400e-05
3.799999831e-05
5.500001134e-05
3.799999831e-05
3.799999831e-05
7.199996617e-05

