[config]
variant=rsqrt-newton3rd
n_particles=50000
n_steps=50
dt=1.000000000e-04
eps=5.000000000e-02
G=1.000000000e+00
mass=1.000000000e+00
max_relative_energy_drift=8.143315727e-05
energy_tolerance=1.000000000e-03

[one-time]
reading_time=1.466733986e-03
writing_time=0.000000000e+00
initial_energy_time=4.040055618e+00
total_run_time=4.635792946e+01

[total_step]
7.687888360e-01
7.651008720e-01
7.656145260e-01
7.648499300e-01
7.647527280e-01
7.651422630e-01
7.652080120e-01
7.650021610e-01
7.645636280e-01
7.647174780e-01
7.647465190e-01
7.646409980e-01
7.646114980e-01
7.647897780e-01
7.648810500e-01
7.645189470e-01
7.647631480e-01
7.642115040e-01
7.648290200e-01
7.648329090e-01
7.646339580e-01
7.649895010e-01
7.649865200e-01
7.650449220e-01
7.649299300e-01
7.648960800e-01
7.649912010e-01
7.652087130e-01
7.650153110e-01
7.646677580e-01
7.647604680e-01
7.650217210e-01
7.646377280e-01
7.656086260e-01
7.654319450e-01
7.648695300e-01
7.660546310e-01
7.668374270e-01
7.678081470e-01
7.665854050e-01
7.657282670e-01
7.656801060e-01
7.659294300e-01
7.670537500e-01
7.651832620e-01
7.661205510e-01
7.659175800e-01
7.669409390e-01
7.673188420e-01
7.660592710e-01

[first_drift]
7.151102182e-05
4.380100290e-05
4.377000732e-05
4.374101991e-05
4.394000280e-05
4.387099762e-05
4.391997936e-05
4.368100781e-05
4.384099157e-05
4.384000204e-05
4.380999599e-05
4.376101424e-05
4.375999561e-05
4.374000127e-05
4.371101386e-05
4.386101500e-05
4.817999434e-05
4.395100405e-05
4.370999523e-05
4.382000770e-05
4.394102143e-05
4.376002471e-05
4.375001299e-05
4.388100933e-05
4.375001299e-05
4.399000318e-05
4.368001828e-05
4.380999599e-05
4.377998994e-05
4.374000127e-05
4.979001824e-05
4.383100895e-05
4.417099990e-05
4.372000694e-05
5.081100971e-05
4.389099195e-05
4.375001299e-05
4.399000318e-05
4.374101991e-05
5.105001037e-05
4.372000694e-05
4.422001075e-05
4.813101259e-05
4.409998655e-05
4.886000534e-05
4.409099347e-05
4.373100819e-05
4.412099952e-05
4.446000094e-05
4.376997822e-05

[force]
7.685790040e-01
7.649304500e-01
7.654391750e-01
7.646795980e-01
7.645904870e-01
7.649649400e-01
7.650257510e-01
7.648228890e-01
7.643640250e-01
7.645411370e-01
7.645803670e-01
7.644653560e-01
7.644466160e-01
7.646098870e-01
7.647138980e-01
7.643412250e-01
7.645818470e-01
7.640050020e-01
7.646710390e-01
7.646634680e-01
7.644585260e-01
7.648198100e-01
7.648202190e-01
7.648671190e-01
7.647559590e-01
7.647151890e-01
7.648110290e-01
7.650365720e-01
7.648439300e-01
7.645062770e-01
7.645871170e-01
7.648552390e-01
7.644673460e-01
7.654387150e-01
7.652466930e-01
7.646935180e-01
7.658881900e-01
7.666679160e-01
7.676351250e-01
7.664139540e-01
7.655566960e-01
7.655070450e-01
7.657538880e-01
7.668455680e-01
7.650111610e-01
7.659521890e-01
7.657544670e-01
7.667753470e-01
7.671478510e-01
7.658790590e-01

[kick]
6.668001879e-05
6.044999463e-05
6.664101966e-05
6.621002103e-05
5.873100599e-05
6.685100379e-05
6.766099250e-05
6.648100680e-05
7.490100688e-05
6.556001608e-05
5.827101995e-05
6.573001156e-05
5.758102634e-05
6.845101598e-05
6.245099939e-05
6.756000221e-05
6.581100752e-05
8.546101162e-05
5.560999853e-05
5.897099618e-05
6.577000022e-05
6.535998546e-05
5.914099165e-05
6.663100794e-05
6.684000255e-05
7.048001862e-05
6.566100637e-05
6.411998766e-05
6.384000881e-05
5.723998765e-05
6.610099808e-05
5.896098446e-05
6.256997585e-05
6.379099796e-05
6.595099694e-05
6.657000631e-05
5.940999836e-05
6.607099203e-05
6.630999269e-05
5.693998537e-05
6.710100570e-05
6.218100316e-05
6.575000589e-05
7.806098438e-05
6.191100692e-05
6.030101213e-05
5.840099766e-05
5.636000424e-05
6.488000508e-05
6.919100997e-05

[second_drift]
7.159099914e-05
6.611100980e-05
6.488998770e-05
6.033098907e-05
5.950999912e-05
6.650100113e-05
7.062000805e-05
6.904997281e-05
8.081100532e-05
6.681098603e-05
6.401099381e-05
6.609098637e-05
6.348997704e-05
6.764999125e-05
6.094001583e-05
6.624098751e-05
6.724998821e-05
7.703001029e-05
5.849098670e-05
6.659000064e-05
6.567098899e-05
6.051099626e-05
6.332999328e-05
6.723098340e-05
6.333101192e-05
6.636098260e-05
7.076098700e-05
6.416099495e-05
6.364099681e-05
6.038101856e-05
5.736999447e-05
6.362999557e-05
6.359102554e-05
6.235000910e-05
6.844001473e-05
6.550099351e-05
6.321098772e-05
5.940001574e-05
6.292099715e-05
6.339099491e-05
6.070098607e-05
6.661098450e-05
6.160099292e-05
8.597099804e-05
6.124001811e-05
6.387999747e-05
6.091999239e-05
6.505099009e-05
6.160099292e-05
6.717999349e-05

[papi_cycles]
3271910650
3271192679
3271496412
3270639577
3270747724
3271386021
3272153459
3271128980
3269615164
3270853855
3270953251
3270907855
3271267363
3270475672
3270748748
3270551881
3271237120
3269884212
3271737237
3270880596
3270019412
3271708669
3271326286
3271598524
3271117945
3271250581
3271000175
3272484529
3271694004
3269980582
3270838738
3271726248
3269884555
3270913006
3271327561
3270424580
3270898880
3272407636
3270811874
3272689499
3271112120
3270972233
3271739174
3271554165
3269522964
3272730896
3270158901
3269602875
3270455620
3270003620

[papi_instructions]
4382235323
4382233645
4382233647
4382233644
4382233641
4382233644
4382233645
4382233644
4382233641
4382233643
4382233644
4382233645
4382233645
4382233642
4382233644
4382233643
4382233643
4382233642
4382233644
4382233644
4382233644
4382233643
4382233645
4382233645
4382233646
4382233641
4382233643
4382233645
4382233644
4382233643
4382233641
4382233644
4382233645
4382233648
4382233645
4382233646
4382233647
4382233647
4382233644
4382233645
4382233645
4382233644
4382233643
4382233646
4382233644
4382233645
4382233645
4382233645
4382233647
4382233645

[papi_l1_dcm]
952680953
952663897
952665852
952671524
952663970
952661142
952698099
952694654
952682475
952680429
952671085
952684522
952668459
952688272
952686014
952684988
952688703
952681496
952680298
952676185
952677599
952673539
952672169
952678933
952697326
952677336
952678576
952686611
952689544
952676092
952692216
952680974
952671105
952671599
952694285
952670614
952678821
952682734
952667847
952683691
952679258
952694198
952694612
952658296
952680858
952677597
952687889
952673077
952688118
952663638

[papi_l2_dcm]
25435031
25441232
25395057
25277075
25387686
25435731
25415227
25438759
25356022
25439932
25434673
25391690
25492978
25432455
25412826
25427930
25447024
25378516
25518241
25339988
25286427
25440667
25395316
25368971
25386117
25370692
25406562
25424982
25410618
25306692
25354060
25379408
25355870
25375306
25372505
25354983
25424783
25421374
25315835
25513160
25462854
25356299
25404490
25465342
25280930
25483019
25264030
25280909
25282218
25326020

