[config]
variant=rsqrt-newton3rd
n_particles=50000
n_steps=50
dt=1.000000000e-04
eps=5.000000000e-02
G=1.000000000e+00
mass=1.000000000e+00
max_relative_energy_drift=3.078036939e-05
energy_tolerance=1.000000000e-03

[one-time]
reading_time=1.655734144e-03
writing_time=0.000000000e+00
initial_energy_time=4.041715288e+00
total_run_time=4.917825038e+01

[total_step]
8.243629327e-01
8.199392837e-01
8.198005725e-01
8.197835125e-01
8.323739329e-01
8.253604723e-01
8.199479040e-01
8.196765818e-01
8.199908054e-01
8.264348209e-01
8.197655529e-01
8.200082853e-01
8.206097996e-01
8.340922566e-01
8.236436564e-01
8.197705029e-01
8.199298345e-01
8.202962577e-01
8.263294306e-01
8.196617523e-01
8.198301643e-01
8.199300338e-01
8.264651112e-01
8.199867150e-01
8.197539533e-01
8.197936434e-01
8.267901540e-01
8.198501542e-01
8.197003016e-01
8.197874734e-01
8.199311858e-01
8.266435843e-01
8.201304153e-01
8.197361901e-01
8.199119512e-01
8.266658997e-01
8.203795059e-01
8.197792098e-01
8.200415317e-01
8.260477548e-01
8.261177652e-01
8.203513352e-01
8.197449995e-01
8.200563015e-01
8.265354689e-01
8.198454017e-01
8.197709294e-01
8.200082919e-01
8.265546085e-01
8.204017067e-01

[first_drift]
7.215049118e-05
4.324037582e-05
4.325062037e-05
4.357006401e-05
4.313141108e-05
4.425924271e-05
4.313979298e-05
4.334095865e-05
4.319101572e-05
4.358123988e-05
4.332046956e-05
4.319008440e-05
4.338007420e-05
4.325062037e-05
4.427973181e-05
4.324968904e-05
4.312023520e-05
4.353094846e-05
4.343967885e-05
4.327017814e-05
4.332046956e-05
4.335027188e-05
4.315935075e-05
4.316121340e-05
4.323944449e-05
4.319008440e-05
4.314910620e-05
4.311930388e-05
4.316028208e-05
4.314072430e-05
4.316121340e-05
4.323106259e-05
4.328042269e-05
4.315096885e-05
4.337076098e-05
4.332978278e-05
4.323106259e-05
4.352908581e-05
4.321988672e-05
4.325062037e-05
4.911981523e-05
4.365108907e-05
4.342012107e-05
4.333071411e-05
4.316959530e-05
4.318077117e-05
4.320964217e-05
4.318077117e-05
4.317983985e-05
4.814006388e-05

[force]
8.241625112e-01
8.197685527e-01
8.196286913e-01
8.196105426e-01
8.322029114e-01
8.251926303e-01
8.197761532e-01
8.195027802e-01
8.198182033e-01
8.262622487e-01
8.195960615e-01
8.198330039e-01
8.204255691e-01
8.339202162e-01
8.234703457e-01
8.196011819e-01
8.197558830e-01
8.201261964e-01
8.261578688e-01
8.194890916e-01
8.196585020e-01
8.197579030e-01
8.262915006e-01
8.198145032e-01
8.195825722e-01
8.196190819e-01
8.266250137e-01
8.196810922e-01
8.195296815e-01
8.196183210e-01
8.197582634e-01
8.264679611e-01
8.199581038e-01
8.195642577e-01
8.197333496e-01
8.264938295e-01
8.202022435e-01
8.196038995e-01
8.198703509e-01
8.258756129e-01
8.259340040e-01
8.201774126e-01
8.195716888e-01
8.198868306e-01
8.263675086e-01
8.196779992e-01
8.196016494e-01
8.198405802e-01
8.263831483e-01
8.202259745e-01

[kick]
6.397068501e-05
6.553996354e-05
6.440002471e-05
6.469059736e-05
6.516929716e-05
6.470084190e-05
6.522051990e-05
6.462074816e-05
6.393063813e-05
6.393156946e-05
6.365031004e-05
6.486009806e-05
7.676146924e-05
6.496068090e-05
6.445031613e-05
6.402004510e-05
6.521027535e-05
6.328988820e-05
6.515067071e-05
6.546918303e-05
6.443075836e-05
6.426032633e-05
6.460025907e-05
6.543006748e-05
6.442051381e-05
6.517115980e-05
6.387941539e-05
6.629154086e-05
6.455089897e-05
6.438139826e-05
6.480980664e-05
6.501097232e-05
6.557069719e-05
6.564054638e-05
7.207132876e-05
6.658118218e-05
7.106084377e-05
6.471015513e-05
6.460119039e-05
6.707012653e-05
6.941147149e-05
6.443168968e-05
6.531085819e-05
6.505008787e-05
6.446056068e-05
6.407964975e-05
6.393995136e-05
6.407033652e-05
6.497092545e-05
6.555020809e-05

[second_drift]
6.425008178e-05
6.191153079e-05
6.419140846e-05
6.463006139e-05
6.267149001e-05
5.875155330e-05
6.334017962e-05
6.579048932e-05
6.543006748e-05
6.501935422e-05
6.238091737e-05
6.718095392e-05
6.404053420e-05
6.377976388e-05
6.453134120e-05
6.192177534e-05
6.557069719e-05
6.318092346e-05
6.292015314e-05
6.386172026e-05
6.387103349e-05
6.448104978e-05
6.581004709e-05
6.352085620e-05
6.368104368e-05
6.616022438e-05
5.806144327e-05
5.954038352e-05
6.286986172e-05
6.156973541e-05
6.487965584e-05
6.734114140e-05
6.335973740e-05
6.309058517e-05
6.311945617e-05
6.212014705e-05
6.293132901e-05
6.703101099e-05
6.330013275e-05
6.177090108e-05
6.518047303e-05
6.578024477e-05
6.454065442e-05
6.105098873e-05
6.027985364e-05
6.010103971e-05
6.208103150e-05
6.041117013e-05
6.324984133e-05
6.200093776e-05

