[config]
variant=rsqrt-newton3rd
n_particles=50000
n_steps=50
dt=1.000000000e-04
eps=5.000000000e-02
G=1.000000000e+00
mass=1.000000000e+00
max_relative_energy_drift=8.143315727e-05
energy_tolerance=1.000000000e-03

[one-time]
reading_time=1.436922990e-03
writing_time=0.000000000e+00
initial_energy_time=4.030124999e+00
total_run_time=4.583016192e+01

[total_step]
7.542035030e-01
7.536853380e-01
7.536724180e-01
7.531413430e-01
7.532914250e-01
7.536120070e-01
7.532377440e-01
7.529054020e-01
7.530591520e-01
7.544389250e-01
7.557210270e-01
7.569271270e-01
7.564611140e-01
7.592952290e-01
7.593173290e-01
7.539968600e-01
7.591301870e-01
7.599732550e-01
7.590747970e-01
7.581892990e-01
7.588751360e-01
7.603984490e-01
7.586954330e-01
7.577578450e-01
7.590080060e-01
7.597283930e-01
7.606674120e-01
7.598468540e-01
7.601513160e-01
7.560200190e-01
7.533507650e-01
7.532457740e-01
7.524197770e-01
7.529206910e-01
7.532873750e-01
7.530599020e-01
7.530682630e-01
7.532635540e-01
7.533188940e-01
7.531747940e-01
7.536210280e-01
7.530763630e-01
7.533839250e-01
7.532122340e-01
7.537431790e-01
7.526551290e-01
7.532435840e-01
7.529012410e-01
7.536290170e-01
7.529280420e-01

[first_drift]
7.216099766e-05
4.382099723e-05
4.382102634e-05
4.382999032e-05
4.379102029e-05
4.400999751e-05
4.399099271e-05
4.391098628e-05
4.403098137e-05
4.380999599e-05
4.906000686e-05
4.407000961e-05
4.401101614e-05
4.429998808e-05
4.419000470e-05
4.439000622e-05
4.394000280e-05
4.467100371e-05
4.404102219e-05
4.431101843e-05
4.430100671e-05
4.425001680e-05
4.477001494e-05
4.414998693e-05
4.444000660e-05
4.409998655e-05
4.457100295e-05
4.400001490e-05
4.410001566e-05
4.424000508e-05
4.382999032e-05
4.387999070e-05
4.400100443e-05
4.394000280e-05
4.379000165e-05
4.387000808e-05
4.395001451e-05
4.400999751e-05
4.388001980e-05
4.390100366e-05
4.400999751e-05
4.402099876e-05
4.379998427e-05
4.406098742e-05
4.390100366e-05
4.392999108e-05
4.397000885e-05
4.394998541e-05
4.410999827e-05
4.386098590e-05

[force]
7.539953210e-01
7.535105260e-01
7.534784560e-01
7.529688420e-01
7.531139130e-01
7.534331660e-01
7.530628320e-01
7.527384490e-01
7.528884610e-01
7.542760140e-01
7.555515960e-01
7.567479960e-01
7.562858910e-01
7.591331880e-01
7.591371980e-01
7.538273490e-01
7.589503160e-01
7.598052730e-01
7.589127550e-01
7.580112670e-01
7.586991940e-01
7.602123480e-01
7.585109120e-01
7.575807430e-01
7.588317250e-01
7.595391720e-01
7.604997990e-01
7.596636530e-01
7.599696150e-01
7.558518980e-01
7.531850440e-01
7.530770130e-01
7.522507450e-01
7.527563100e-01
7.531219540e-01
7.528922210e-01
7.528965320e-01
7.531019630e-01
7.531561730e-01
7.530080720e-01
7.534558760e-01
7.528937310e-01
7.532082240e-01
7.530413420e-01
7.535756770e-01
7.524756580e-01
7.530795730e-01
7.527286100e-01
7.534555260e-01
7.527593790e-01

[kick]
6.739099626e-05
6.643100642e-05
8.370997966e-05
6.551097613e-05
6.598999607e-05
6.692102761e-05
6.708101137e-05
5.953098298e-05
6.513998960e-05
5.761999637e-05
5.853999755e-05
6.617099280e-05
6.975099677e-05
5.589998909e-05
6.713002222e-05
5.940100527e-05
6.714000483e-05
5.936101661e-05
5.797101767e-05
6.485098857e-05
6.473000394e-05
7.490999997e-05
6.622102228e-05
6.604101509e-05
6.548099918e-05
7.612101035e-05
6.309099263e-05
6.660999497e-05
6.646098336e-05
6.197000039e-05
6.001998554e-05
6.012097583e-05
6.228999700e-05
5.889000022e-05
6.253001629e-05
5.910100299e-05
6.349998876e-05
5.748000694e-05
5.906101433e-05
5.763999070e-05
5.832099123e-05
6.620999193e-05
6.571100676e-05
5.961098941e-05
5.893097841e-05
6.558999303e-05
5.699999747e-05
6.513000699e-05
6.420101272e-05
6.401099381e-05

[second_drift]
6.858000415e-05
6.451000809e-05
6.638100604e-05
6.310999743e-05
6.766099250e-05
6.781998673e-05
6.369999028e-05
6.345100701e-05
6.146100350e-05
6.143099745e-05
6.178100011e-05
6.883000606e-05
6.141100312e-05
6.173099973e-05
6.872098311e-05
6.563999341e-05
6.874100654e-05
6.384999142e-05
5.996998516e-05
6.881999434e-05
6.679099170e-05
6.688100984e-05
7.348097279e-05
6.679099170e-05
6.629998097e-05
6.895000115e-05
5.989099736e-05
7.248099428e-05
7.108101272e-05
6.180099444e-05
6.176100578e-05
6.468000356e-05
6.264101830e-05
6.150099216e-05
5.902099656e-05
6.465998013e-05
6.419100100e-05
6.003098679e-05
5.969998892e-05
6.512101390e-05
6.277000648e-05
7.228099275e-05
6.598100299e-05
6.709000445e-05
6.456000847e-05
6.988100358e-05
6.293100887e-05
6.349099567e-05
6.512997788e-05
6.073998520e-05

[papi_cycles]
3223224442
3222949609
3222984235
3221133843
3222247039
3222988809
3221337034
3220603066
3221182321
3222698771
3224048019
3222934135
3223407679
3221352407
3220722287
3222158461
3222571317
3222847117
3222501304
3222220521
3222318902
3221827582
3221245648
3219488654
3221224803
3222338343
3222225063
3220425408
3223051048
3222264860
3222397351
3222366181
3218676102
3221454044
3222565780
3221216546
3221208962
3222158771
3222346681
3221906227
3223084051
3220671638
3221938812
3221334723
3224067384
3220023903
3222403546
3221364381
3222093599
3221003184

[papi_instructions]
4382235297
4382233633
4382233634
4382233632
4382233630
4382233633
4382233634
4382233633
4382233630
4382233639
4382233634
4382233636
4382233633
4382233639
4382233639
4382233633
4382233638
4382233637
4382233641
4382233637
4382233637
4382233639
4382233637
4382233638
4382233638
4382233637
4382233640
4382233638
4382233639
4382233643
4382233634
4382233632
4382233632
4382233630
4382233633
4382233632
4382233632
4382233632
4382233633
4382233633
4382233633
4382233630
4382233634
4382233632
4382233634
4382233629
4382233632
4382233632
4382233632
4382233630

[papi_l1_dcm]
952867281
952867809
952837407
952867126
952835750
952849748
952834686
952750778
952827139
952862297
952852987
952844138
952836156
952797769
952731590
952853630
952836041
952853875
952849874
952854229
952863640
952817812
952840046
952726884
952850595
952841454
952815474
952850569
952864420
952874940
952867874
952865692
952735859
952829469
952850594
952863310
952870019
952872613
952855806
952860932
952863244
952780197
952853548
952843825
952872467
952851909
952859348
952850646
952831503
952813126

[papi_l2_dcm]
24961147
24917973
25011548
24814666
24939381
25010370
24839261
24937452
24932688
24973271
24927393
24941467
25062720
24932994
24968702
24819471
25064625
25102046
24923614
24888432
24919191
25048385
24870866
24759105
24833364
24996225
24995601
24789072
25024505
24898964
24885583
24910336
24784253
24960740
24981198
24851343
24890723
24938837
24982970
24918180
25009256
24865086
24934225
24907164
25055676
24739858
24966315
24850251
24942018
24831475

