[config]
variant=rsqrt-newton3rd
n_particles=50000
n_steps=50
dt=1.000000000e-04
eps=5.000000000e-02
G=1.000000000e+00
mass=1.000000000e+00
max_relative_energy_drift=3.078036939e-05
energy_tolerance=1.000000000e-03

[one-time]
reading_time=1.012303600e-01
writing_time=0.000000000e+00
initial_energy_time=4.031052013e+00
total_run_time=4.689965101e+01

[total_step]
7.762796820e-01
7.746163540e-01
7.746707260e-01
7.746809440e-01
7.745935950e-01
7.747901760e-01
7.746441440e-01
7.744767040e-01
7.746925550e-01
7.749885680e-01
7.747284950e-01
7.745015530e-01
7.746736350e-01
7.747062160e-01
7.747305450e-01
7.744024220e-01
7.745970140e-01
7.745751140e-01
7.746486060e-01
7.745517430e-01
7.746555650e-01
7.746764350e-01
7.745454130e-01
7.745981840e-01
7.744766430e-01
7.746163240e-01
7.747032950e-01
7.745451740e-01
7.745759040e-01
7.745427630e-01
7.750565490e-01
7.751294000e-01
7.747091350e-01
7.745484940e-01
7.747606760e-01
7.747025750e-01
7.748622970e-01
7.748142660e-01
7.744468630e-01
7.749054770e-01
7.746699350e-01
7.745518340e-01
7.745874540e-01
7.746606050e-01
7.745884340e-01
7.747294950e-01
7.745072530e-01
7.745893250e-01
7.757663760e-01
7.749533780e-01

[first_drift]
7.187100709e-05
4.368100781e-05
4.418098251e-05
4.355999408e-05
4.366101348e-05
5.174000398e-05
4.385001375e-05
4.358100705e-05
4.365001223e-05
4.361002357e-05
4.351002281e-05
4.367099609e-05
4.353100667e-05
4.368100781e-05
4.372998956e-05
4.357099533e-05
4.355100100e-05
4.352099495e-05
4.370100214e-05
4.352998803e-05
4.357099533e-05
4.402999184e-05
4.386098590e-05
4.370001261e-05
4.352998803e-05
4.359998275e-05
4.352000542e-05
4.367998918e-05
4.353001714e-05
4.380999599e-05
4.373997217e-05
4.356101272e-05
4.398002056e-05
4.390100366e-05
4.370999523e-05
4.357000580e-05
4.346098285e-05
4.355001147e-05
4.409102257e-05
4.353001714e-05
4.379102029e-05
4.350100062e-05
4.361002357e-05
4.367998918e-05
4.352102405e-05
4.353999975e-05
4.363100743e-05
4.365100176e-05
4.350999370e-05
4.367000656e-05

[force]
7.760776700e-01
7.744449020e-01
7.744975530e-01
7.745099630e-01
7.744262430e-01
7.746124140e-01
7.744705130e-01
7.743041610e-01
7.745222630e-01
7.748162860e-01
7.745601140e-01
7.743326610e-01
7.745055130e-01
7.745374530e-01
7.745608840e-01
7.742331400e-01
7.744283920e-01
7.744057420e-01
7.744723630e-01
7.743784920e-01
7.744845530e-01
7.744999240e-01
7.743755410e-01
7.744278820e-01
7.743072010e-01
7.744443830e-01
7.745342040e-01
7.743791130e-01
7.743985220e-01
7.743717820e-01
7.748884980e-01
7.749596380e-01
7.745395140e-01
7.743735820e-01
7.745859040e-01
7.745310540e-01
7.746918950e-01
7.746442950e-01
7.742821410e-01
7.747345060e-01
7.745007830e-01
7.743786420e-01
7.744171030e-01
7.744806230e-01
7.744172120e-01
7.745569640e-01
7.743368810e-01
7.744176920e-01
7.755956550e-01
7.747823370e-01

[kick]
6.519001909e-05
6.351099000e-05
6.360100815e-05
6.429100176e-05
6.413998199e-05
6.425101310e-05
6.444100291e-05
6.380100967e-05
6.359099643e-05
6.540099275e-05
6.379099796e-05
6.379099796e-05
6.366000162e-05
6.268100697e-05
6.448998465e-05
6.238001515e-05
6.438099081e-05
6.383101572e-05
6.895099068e-05
6.340999971e-05
6.352001219e-05
6.420997670e-05
6.400098209e-05
6.492101238e-05
6.478099385e-05
6.348997704e-05
6.354998914e-05
6.351998309e-05
6.920099258e-05
6.406998727e-05
6.361099076e-05
6.333002239e-05
6.364000728e-05
6.410997594e-05
6.607099203e-05
6.559101166e-05
6.464001490e-05
6.396099343e-05
6.407001638e-05
6.550102262e-05
6.402999861e-05
6.379999104e-05
6.399000995e-05
6.510099047e-05
6.397097604e-05
6.426099571e-05
6.356099038e-05
6.381102139e-05
6.391998613e-05
6.385997403e-05

[second_drift]
6.490098895e-05
6.419999409e-05
6.534100976e-05
6.308101001e-05
5.946101737e-05
6.171100540e-05
6.528999074e-05
6.510998355e-05
6.299998495e-05
6.322099944e-05
6.101999315e-05
6.138000754e-05
6.087098154e-05
6.234098691e-05
6.138099707e-05
6.327099982e-05
6.060101441e-05
6.197000039e-05
6.353101344e-05
6.625099923e-05
6.387097528e-05
6.822100841e-05
6.190000568e-05
6.163099897e-05
6.108102389e-05
6.480101729e-05
6.196100730e-05
5.881101242e-05
6.459100405e-05
6.305100396e-05
6.065002526e-05
6.282099639e-05
6.195099559e-05
6.685100379e-05
6.488102372e-05
6.230999134e-05
6.224098615e-05
6.240000948e-05
5.651099491e-05
6.188999396e-05
6.128099631e-05
6.577098975e-05
6.270100130e-05
7.114099571e-05
6.365100853e-05
6.465998013e-05
6.312999176e-05
6.406099419e-05
6.323101115e-05
6.346101873e-05

[papi_cycles]
3320081934
3315249788
3315699303
3315506541
3315723397
3316089302
3315504952
3315427214
3315509286
3314796345
3315058712
3315257976
3315369591
3315626043
3315734154
3315203692
3315071954
3315630421
3315043475
3315123485
3315908894
3315472090
3315338030
3315501790
3315001943
3315400093
3315342516
3315272847
3315561375
3315145940
3317338290
3317615291
3315679434
3315575168
3315701683
3315710985
3316614899
3315733064
3315161880
3315600506
3315621527
3315259609
3315535180
3315464752
3315444101
3315355554
3315453418
3315664866
3315413623
3315361436

[papi_instructions]
5007635309
5007633640
5007633641
5007633641
5007633640
5007633640
5007633641
5007633639
5007633641
5007633642
5007633646
5007633638
5007633645
5007633644
5007633640
5007633639
5007633640
5007633641
5007633641
5007633640
5007633640
5007633640
5007633640
5007633642
5007633638
5007633643
5007633640
5007633640
5007633641
5007633638
5007633641
5007633641
5007633641
5007633639
5007633640
5007633641
5007633645
5007633641
5007633639
5007633643
5007633641
5007633640
5007633639
5007633640
5007633641
5007633641
5007633639
5007633640
5007633648
5007633642

[papi_l1_dcm]
965383255
965355293
965361187
965388527
965373263
965373701
965368737
965372072
965364450
965356510
965375607
965377155
965390591
965382006
965377735
965357315
965390875
965391168
965362182
965357592
965383514
965373511
965356906
965350272
965367471
965378011
965360725
965362289
965382590
965360209
965383410
965396307
965389206
965351750
965373429
965355777
965387991
965361988
965371986
965396635
965374455
965386860
965386881
965341039
965362055
965389151
965356115
965366663
965384177
965398138

[papi_l2_dcm]
14294405
14269601
14263724
14275042
14274102
14276039
14298460
14288438
14269086
14274974
14295798
14285805
14281363
14274893
14289148
14263329
14276485
14291442
14282613
14302806
14263825
14270355
14290900
14267524
14301994
14271627
14270101
14263714
14286998
14267088
14302874
14277849
14299342
14285208
14291065
14304315
14289053
14273325
14273921
14299634
14286511
14282888
14274895
14306485
14274307
14271164
14290360
14284306
14279708
14263934

