[config]
variant=rsqrt-newton3rd
n_particles=50000
n_steps=50
dt=1.000000000e-04
eps=5.000000000e-02
G=1.000000000e+00
mass=1.000000000e+00
max_relative_energy_drift=3.078036939e-05
energy_tolerance=1.000000000e-03

[one-time]
reading_time=1.510223374e-03
writing_time=0.000000000e+00
initial_energy_time=4.032544958e+00
total_run_time=4.943662807e+01

[total_step]
8.268720135e-01
8.312792433e-01
8.260401376e-01
8.259500358e-01
8.257916644e-01
8.311539916e-01
8.261584388e-01
8.264807407e-01
8.258990366e-01
8.292497359e-01
8.278629631e-01
8.259185571e-01
8.258105060e-01
8.309638519e-01
8.261159882e-01
8.258044058e-01
8.258554349e-01
8.313769046e-01
8.262091279e-01
8.263902310e-01
8.258865960e-01
8.311338713e-01
8.261567587e-01
8.258952564e-01
8.257953459e-01
8.296588995e-01
8.277545227e-01
8.260040274e-01
8.259591172e-01
8.319666386e-01
8.261188976e-01
8.257810660e-01
8.261668487e-01
8.316291859e-01
8.257983662e-01
8.259202959e-01
8.258437365e-01
8.270620462e-01
8.318517180e-01
8.258744255e-01
8.260588674e-01
8.259338168e-01
8.313709246e-01
8.257203242e-01
8.261509389e-01
8.261054382e-01
8.316087760e-01
8.259331072e-01
8.259641770e-01
8.258707868e-01

[first_drift]
7.035024464e-05
4.363059998e-05
4.372093827e-05
4.394073039e-05
4.366040230e-05
4.358123988e-05
4.359986633e-05
4.359986633e-05
4.409067333e-05
4.388112575e-05
4.453957081e-05
4.371069372e-05
4.754029214e-05
4.356075078e-05
4.350021482e-05
4.359055310e-05
4.351977259e-05
4.355143756e-05
4.410091788e-05
4.393141717e-05
4.371069372e-05
4.359148443e-05
4.404038191e-05
4.362966865e-05
4.369020462e-05
4.357937723e-05
4.462059587e-05
4.373956472e-05
4.379078746e-05
4.357006401e-05
4.407018423e-05
4.358030856e-05
4.361011088e-05
4.356075078e-05
4.384107888e-05
4.375074059e-05
4.372093827e-05
4.793982953e-05
4.441011697e-05
4.377029836e-05
4.354026169e-05
4.380941391e-05
4.367996007e-05
4.353094846e-05
4.352070391e-05
4.752073437e-05
4.353094846e-05
4.375074059e-05
4.374980927e-05
4.359986633e-05

[force]
8.266759925e-01
8.311073715e-01
8.258728264e-01
8.257761942e-01
8.256177036e-01
8.309799498e-01
8.259855080e-01
8.263074504e-01
8.257295145e-01
8.290780336e-01
8.276860127e-01
8.257462345e-01
8.256319845e-01
8.307962390e-01
8.259465471e-01
8.256335938e-01
8.256805344e-01
8.312038016e-01
8.260300169e-01
8.262176691e-01
8.257154748e-01
8.309605196e-01
8.259883076e-01
8.257219149e-01
8.256242946e-01
8.294791970e-01
8.275807705e-01
8.258324564e-01
8.257856453e-01
8.317944277e-01
8.259450560e-01
8.256079545e-01
8.259950168e-01
8.314587437e-01
8.256261842e-01
8.257439043e-01
8.256744957e-01
8.268820457e-01
8.316844869e-01
8.257014947e-01
8.258902766e-01
8.257602556e-01
8.311917316e-01
8.255512724e-01
8.259792775e-01
8.259243062e-01
8.314348441e-01
8.257612949e-01
8.257933864e-01
8.257012852e-01

[kick]
6.444007158e-05
6.550084800e-05
6.346963346e-05
6.458163261e-05
6.492063403e-05
6.410107017e-05
6.556045264e-05
6.330944598e-05
6.422027946e-05
6.454065442e-05
6.475020200e-05
6.388127804e-05
6.552040577e-05
6.473995745e-05
6.407964975e-05
6.383098662e-05
6.455089897e-05
6.543099880e-05
6.902124733e-05
6.327033043e-05
6.404053420e-05
6.427057087e-05
6.407033652e-05
6.464961916e-05
6.454996765e-05
6.511155516e-05
6.423983723e-05
6.414111704e-05
6.415043026e-05
6.425101310e-05
6.497092545e-05
6.452016532e-05
6.482098252e-05
6.427150220e-05
6.423145533e-05
6.913114339e-05
6.376951933e-05
6.415974349e-05
6.382167339e-05
6.370991468e-05
6.483029574e-05
6.340071559e-05
6.923079491e-05
6.339047104e-05
6.423052400e-05
6.959121674e-05
6.461050361e-05
6.563961506e-05
6.393995136e-05
6.395019591e-05

[second_drift]
6.119161844e-05
6.269011647e-05
6.007123739e-05
6.528012455e-05
6.533041596e-05
6.632041186e-05
6.372109056e-05
6.634090096e-05
6.115995347e-05
6.324052811e-05
6.761029363e-05
6.467942148e-05
6.541050971e-05
5.923118442e-05
6.180163473e-05
6.334017962e-05
6.675999612e-05
6.407126784e-05
6.594043225e-05
6.530992687e-05
6.333086640e-05
6.545055658e-05
6.029102951e-05
6.501097232e-05
6.277114153e-05
7.096119225e-05
6.479118019e-05
6.364937872e-05
6.543099880e-05
6.434042007e-05
6.475020200e-05
6.496068090e-05
6.335973740e-05
6.254948676e-05
6.406940520e-05
6.345100701e-05
6.170105189e-05
6.785057485e-05
5.893968046e-05
6.540119648e-05
6.018113345e-05
6.631109864e-05
6.618071347e-05
6.206985563e-05
6.381049752e-05
6.396975368e-05
6.575044245e-05
6.237160414e-05
6.304960698e-05
6.190128624e-05

