[config]
variant=rsqrt-newton3rd
n_particles=50000
n_steps=50
dt=1.000000000e-04
eps=5.000000000e-02
G=1.000000000e+00
mass=1.000000000e+00
max_relative_energy_drift=0.000000000e+00
energy_tolerance=1.000000000e-03

[one-time]
reading_time=1.407705015e-03
writing_time=0.000000000e+00
initial_energy_time=4.028023501e+00
total_run_time=5.124378529e+01

[total_step]
8.640914510e-01
8.637695870e-01
8.637344470e-01
8.636252560e-01
8.642531830e-01
8.637431470e-01
8.638984290e-01
8.639782400e-01
8.636952960e-01
8.636838160e-01
8.637148070e-01
8.637728580e-01
8.638066680e-01
8.637958980e-01
8.637166060e-01
8.636145850e-01
8.637888080e-01
8.635591650e-01
8.638168280e-01
8.636072860e-01
8.636749960e-01
8.635585350e-01
8.635746260e-01
8.637252970e-01
8.636160460e-01
8.636565360e-01
8.636507860e-01
8.634930240e-01
8.635847560e-01
8.636980770e-01
8.636446860e-01
8.635729950e-01
8.637633680e-01
8.635474450e-01
8.636540460e-01
8.637814980e-01
8.636210760e-01
8.637697480e-01
8.642012820e-01
8.640093800e-01
8.637227070e-01
8.635399250e-01
8.637806580e-01
8.634525340e-01
8.637199170e-01
8.636722670e-01
8.637683870e-01
8.637718480e-01
8.634717240e-01
8.635113050e-01

[first_drift]
7.042099605e-05
4.356002319e-05
4.365100176e-05
4.396101576e-05
4.359098966e-05
4.368001828e-05
4.344101762e-05
4.361997708e-05
4.360001185e-05
4.344098852e-05
4.366101348e-05
4.348100629e-05
4.340001033e-05
4.343001638e-05
4.355100100e-05
4.346002243e-05
4.342099419e-05
4.363001790e-05
4.364099004e-05
4.355999408e-05
4.380001337e-05
4.372099647e-05
4.365100176e-05
4.384998465e-05
4.384998465e-05
4.348001676e-05
4.355999408e-05
4.364998313e-05
4.369099042e-05
4.361101310e-05
4.345999332e-05
4.357998841e-05
4.352099495e-05
4.360999446e-05
4.347998765e-05
4.355999408e-05
4.348999937e-05
4.363097833e-05
4.361002357e-05
4.364000051e-05
4.353999975e-05
4.395001451e-05
4.344998160e-05
4.358100705e-05
4.346101196e-05
4.357099533e-05
4.769000225e-05
4.353100667e-05
4.372000694e-05
4.990099114e-05

[force]
8.638952680e-01
8.635968560e-01
8.635617550e-01
8.634513940e-01
8.640795100e-01
8.635710360e-01
8.637247260e-01
8.638099280e-01
8.635222250e-01
8.635042540e-01
8.635427550e-01
8.636018060e-01
8.636359370e-01
8.636215460e-01
8.635433950e-01
8.634446640e-01
8.636171450e-01
8.633891740e-01
8.636452460e-01
8.634324440e-01
8.635014950e-01
8.633854530e-01
8.634013340e-01
8.635551950e-01
8.634417140e-01
8.634814850e-01
8.634801650e-01
8.633174430e-01
8.634166140e-01
8.635235840e-01
8.634716750e-01
8.634046840e-01
8.635902750e-01
8.633666730e-01
8.634818250e-01
8.636087660e-01
8.634504440e-01
8.635950150e-01
8.640280800e-01
8.638262880e-01
8.635511160e-01
8.633711230e-01
8.636037160e-01
8.632787320e-01
8.635454150e-01
8.635031050e-01
8.635923260e-01
8.635997850e-01
8.633033030e-01
8.633347920e-01

[kick]
6.428099005e-05
6.548999227e-05
6.444999599e-05
6.526100333e-05
6.829100312e-05
6.406998727e-05
6.416099495e-05
6.400101120e-05
6.404999294e-05
7.089099381e-05
6.474100519e-05
6.438000128e-05
6.429999485e-05
6.624101661e-05
6.423098966e-05
6.342100096e-05
6.490098895e-05
6.433000090e-05
6.382999709e-05
6.426099571e-05
6.581100752e-05
6.369099719e-05
6.945000496e-05
6.522098556e-05
6.430101348e-05
6.828998448e-05
6.431998918e-05
6.501100142e-05
6.380098057e-05
6.441099686e-05
6.445997860e-05
6.483099423e-05
6.485098857e-05
6.425101310e-05
6.433998351e-05
6.374099758e-05
6.739099626e-05
6.535099237e-05
6.773098721e-05
7.316097617e-05
6.481999299e-05
6.474100519e-05
6.890099030e-05
6.568100071e-05
6.508000661e-05
6.456999108e-05
6.480998127e-05
6.455098628e-05
6.412999937e-05
6.516100257e-05

[second_drift]
6.143099745e-05
6.363101420e-05
6.454100367e-05
6.454001414e-05
6.174098235e-05
6.428101915e-05
6.604101509e-05
6.063998444e-05
6.537101581e-05
6.514001871e-05
6.360100815e-05
6.314102211e-05
6.298100925e-05
6.461000885e-05
6.535998546e-05
6.299000233e-05
6.328101153e-05
6.198100164e-05
6.389099872e-05
6.696101627e-05
6.382999709e-05
6.561999908e-05
6.013098755e-05
6.097101141e-05
6.613100413e-05
6.321101682e-05
6.269098958e-05
6.685999688e-05
6.060002488e-05
6.642099470e-05
6.496100104e-05
5.984000745e-05
6.467101048e-05
7.285099127e-05
6.434100214e-05
6.533000851e-05
5.954998778e-05
6.570099504e-05
6.180102355e-05
6.622102228e-05
6.312099868e-05
6.006102194e-05
6.454001414e-05
6.449100329e-05
6.591097917e-05
6.090098759e-05
6.351101911e-05
6.393101648e-05
6.052100798e-05
6.139100878e-05

[papi_cycles]
3698871130
3698027864
3698450862
3698343084
3698909702
3698402833
3698777252
3699659637
3698586330
3698174127
3698585948
3698499118
3699019907
3698532060
3698438224
3698251386
3698669506
3698224096
3698953141
3698515751
3698171027
3698257058
3698248640
3698476744
3698240695
3698382281
3698671791
3697726031
3698387896
3698820385
3698218341
3698361711
3698692764
3698199028
3698681225
3698676467
3698265925
3698704047
3700613125
3698154803
3698821463
3698233574
3698774682
3697882080
3698525580
3698862245
3698771200
3698721661
3697957274
3697816814

[papi_instructions]
5476610395
5476608731
5476608730
5476608731
5476608730
5476608729
5476608730
5476608730
5476608730
5476608729
5476608730
5476608730
5476608728
5476608732
5476608730
5476608730
5476608730
5476608729
5476608731
5476608729
5476608730
5476608729
5476608729
5476608731
5476608731
5476608729
5476608729
5476608728
5476608730
5476608730
5476608730
5476608729
5476608732
5476608730
5476608729
5476608730
5476608729
5476608729
5476608731
5476608729
5476608729
5476608728
5476608730
5476608729
5476608732
5476608729
5476608729
5476608731
5476608729
5476608727

[papi_l1_dcm]
956551417
956534306
956544032
956533331
956561676
956544430
956547334
956540404
956569032
956578798
956559880
956556426
956551904
956536702
956568268
956570717
956545445
956541922
956509838
956547053
956517463
956562885
956563658
956571735
956525182
956570402
956550952
956584969
956567637
956567159
956542544
956553564
956564722
956565006
956546121
956560005
956564776
956577310
956548348
956541211
956570108
956597593
956547455
956570181
956549231
956553108
956557761
956559533
956545817
956531922

[papi_l2_dcm]
15656623
15625558
15594135
15594314
15594410
15607510
15601019
15560761
15558367
15568764
15602099
15599949
15585118
15576930
15598123
15583874
15597392
15592128
15592543
15597970
15619876
15617443
15634157
15600156
15609214
15629628
15616270
15622053
15637918
15617456
15590412
15601175
15603552
15576971
15560586
15576100
15570924
15567042
15574480
15567988
15598656
15594761
15570445
15578970
15621778
15612474
15595824
15611537
15623712
15624262

