[config]
variant=rsqrt-newton3rd
n_particles=50000
n_steps=50
dt=1.000000000e-04
eps=5.000000000e-02
G=1.000000000e+00
mass=1.000000000e+00
max_relative_energy_drift=8.143315727e-05
energy_tolerance=1.000000000e-03

[one-time]
reading_time=1.425533002e-03
writing_time=0.000000000e+00
initial_energy_time=4.068845190e+00
total_run_time=4.610679369e+01

[total_step]
7.612753970e-01
7.633609660e-01
7.648384590e-01
7.627709900e-01
7.626454900e-01
7.623838570e-01
7.625951190e-01
7.632754150e-01
7.629312810e-01
7.627990600e-01
7.624841680e-01
7.564486930e-01
7.559869390e-01
7.565875240e-01
7.568097870e-01
7.563061120e-01
7.562403310e-01
7.560371290e-01
7.567145160e-01
7.566624650e-01
7.564799130e-01
7.566256040e-01
7.563578530e-01
7.556764360e-01
7.559597990e-01
7.556265260e-01
7.561669400e-01
7.568199770e-01
7.565155740e-01
7.572677600e-01
7.568590570e-01
7.562578020e-01
7.566124750e-01
7.565348940e-01
7.581198580e-01
7.587852140e-01
7.595454910e-01
7.593761800e-01
7.618059220e-01
7.618143620e-01
7.581713690e-01
7.618428730e-01
7.636003780e-01
7.626447490e-01
7.621980460e-01
7.626125590e-01
7.633614060e-01
7.624746680e-01
7.620150840e-01
7.627278100e-01

[first_drift]
7.094099419e-05
4.414099385e-05
4.500098294e-05
4.418002209e-05
4.441000056e-05
4.435001756e-05
4.424099461e-05
4.426098894e-05
4.401098704e-05
4.427100066e-05
4.392099800e-05
4.395001451e-05
4.415999865e-05
4.374998389e-05
4.382099723e-05
4.872999853e-05
4.369000089e-05
4.391101538e-05
4.398101009e-05
4.372998956e-05
4.399998579e-05
4.377998994e-05
4.465100938e-05
4.382999032e-05
4.504999379e-05
4.420001642e-05
4.409000394e-05
4.372102558e-05
4.385001375e-05
4.409000394e-05
4.388100933e-05
4.381101462e-05
4.373001866e-05
4.373001866e-05
4.364998313e-05
4.369099042e-05
4.420999903e-05
4.407000961e-05
4.432999413e-05
4.501000512e-05
4.474099842e-05
4.377099685e-05
4.432001151e-05
4.423997598e-05
4.447100218e-05
4.402000923e-05
4.407999222e-05
4.424998770e-05
4.427999374e-05
4.414998693e-05

[force]
7.610648050e-01
7.631798740e-01
7.646670770e-01
7.625906590e-01
7.624693780e-01
7.622104460e-01
7.624190770e-01
7.630988930e-01
7.627551000e-01
7.626258890e-01
7.623139060e-01
7.562694510e-01
7.558142980e-01
7.564141030e-01
7.566342650e-01
7.561283300e-01
7.560506600e-01
7.558638070e-01
7.565412840e-01
7.564895540e-01
7.563062620e-01
7.564452230e-01
7.561823510e-01
7.554937550e-01
7.557775080e-01
7.554593640e-01
7.559928290e-01
7.566518150e-01
7.563425630e-01
7.570956290e-01
7.566928050e-01
7.560877100e-01
7.564386930e-01
7.563635620e-01
7.579508070e-01
7.586115920e-01
7.593754100e-01
7.591913780e-01
7.616249900e-01
7.616352400e-01
7.580003270e-01
7.616683300e-01
7.634252470e-01
7.624731480e-01
7.620207730e-01
7.624382080e-01
7.631871450e-01
7.622948870e-01
7.618357720e-01
7.625519390e-01

[kick]
6.655001198e-05
6.671997835e-05
6.574098370e-05
6.585099618e-05
6.537098670e-05
6.439100252e-05
6.536100409e-05
6.509100785e-05
6.488099461e-05
6.477101124e-05
6.552098785e-05
6.650100113e-05
6.639998173e-05
6.512101390e-05
6.545000360e-05
6.482098252e-05
7.480999921e-05
6.432100781e-05
6.451999070e-05
6.528999074e-05
6.616098108e-05
6.559101166e-05
6.541999755e-05
7.101998199e-05
6.317999214e-05
6.462101010e-05
6.636098260e-05
6.416998804e-05
6.377001409e-05
6.504100747e-05
6.478099385e-05
6.477002171e-05
6.591097917e-05
6.522101467e-05
6.423098966e-05
6.729102461e-05
6.334000500e-05
6.980099715e-05
7.077099872e-05
6.738101365e-05
6.408098852e-05
6.412100629e-05
6.568001118e-05
6.743101403e-05
6.630099961e-05
6.645001122e-05
6.495998241e-05
6.510000094e-05
7.162100519e-05
6.594997831e-05

[second_drift]
7.304098108e-05
7.018100587e-05
6.059100269e-05
7.024998195e-05
6.623100489e-05
6.458998541e-05
6.632998702e-05
6.710999878e-05
6.722001126e-05
6.406998727e-05
6.069100345e-05
6.874100654e-05
6.202101940e-05
6.448998465e-05
6.618100451e-05
6.418101839e-05
7.105100667e-05
6.503998884e-05
6.467101048e-05
6.381102139e-05
6.339102401e-05
7.095999899e-05
6.531100371e-05
6.768101593e-05
7.390099927e-05
5.821100785e-05
6.361000123e-05
6.017100532e-05
6.528099766e-05
6.290999590e-05
5.748000694e-05
6.145099178e-05
6.408101763e-05
6.233097520e-05
6.111001130e-05
6.259098882e-05
6.248100544e-05
7.088101120e-05
6.570102414e-05
6.667099660e-05
6.217000191e-05
6.659099017e-05
6.508099614e-05
5.981998402e-05
6.643100642e-05
6.377100362e-05
6.510099047e-05
7.033100701e-05
6.330100587e-05
6.571100676e-05

[papi_cycles]
3236846815
3236401523
3233219409
3236539149
3236656070
3234760959
3236246003
3231204090
3235078546
3236204575
3233922895
3233579344
3234166834
3235247813
3235820150
3234563870
3234638696
3234488548
3235959722
3235913591
3234957935
3235394868
3234972443
3231633489
3232614525
3231923797
3233571013
3236461154
3235579788
3237736766
3236472415
3234174366
3235022370
3235389484
3236910156
3236016754
3234133280
3234295889
3231964932
3231329203
3237158314
3235127635
3236150430
3236568186
3237775028
3237137638
3235122773
3237035824
3237053093
3237177194

[papi_instructions]
4382235303
4382233643
4382233645
4382233640
4382233639
4382233642
4382233641
4382233641
4382233640
4382233641
4382233646
4382233638
4382233634
4382233634
4382233634
4382233634
4382233634
4382233636
4382233635
4382233634
4382233635
4382233634
4382233635
4382233634
4382233633
4382233632
4382233634
4382233636
4382233635
4382233636
4382233635
4382233634
4382233635
4382233635
4382233641
4382233637
4382233638
4382233638
4382233642
4382233639
4382233636
4382233641
4382233641
4382233642
4382233640
4382233641
4382233640
4382233485
4382233640
4382233640

[papi_l1_dcm]
952686981
952676534
952679429
952708878
952700429
952699393
952708756
952657570
952698641
952701767
952698678
952691513
952674665
952708878
952688377
952691201
952686541
952665647
952666620
952696308
952670818
952700301
952669613
952691343
952690631
952702887
952695841
952710192
952659307
952719599
952685198
952704985
952686338
952680502
952709918
952720119
952705602
952684325
952666101
952706396
952693749
952709711
952694102
952648910
952664273
952660967
952700012
952676279
952725170
952664895

[papi_l2_dcm]
24594351
24553254
24639373
24634389
24631205
24481090
24635339
24565831
24583475
24692151
24543931
24497817
24691994
24577867
24711281
24554112
24568301
24663545
24582157
24595228
24490117
24593824
24579431
24502295
24596926
24565275
24566340
24557115
24510617
24623685
24600783
24578303
24415373
24500552
24643242
24552998
24550691
24547988
24547915
24511223
24593592
24641894
24464181
24606782
24678735
24732350
24651091
24578493
24580321
24640784

