[config]
variant=rsqrt-newton3rd
n_particles=50000
n_steps=50
dt=1.000000000e-04
eps=5.000000000e-02
G=1.000000000e+00
mass=1.000000000e+00
max_relative_energy_drift=0.000000000e+00
energy_tolerance=1.000000000e-03

[one-time]
reading_time=1.410634984e-03
writing_time=0.000000000e+00
initial_energy_time=4.028423735e+00
total_run_time=5.006752223e+01

[total_step]
8.410336370e-01
8.402847890e-01
8.402273090e-01
8.402887790e-01
8.402978490e-01
8.403194590e-01
8.403083390e-01
8.401941480e-01
8.402690890e-01
8.401370880e-01
8.401225470e-01
8.402239080e-01
8.401594080e-01
8.402996990e-01
8.401783480e-01
8.403322500e-01
8.402152680e-01
8.403589500e-01
8.402349480e-01
8.401987690e-01
8.402608480e-01
8.402627090e-01
8.401012170e-01
8.402347280e-01
8.403043600e-01
8.407776740e-01
8.401522280e-01
8.403121790e-01
8.402111880e-01
8.401664180e-01
8.402753490e-01
8.402555890e-01
8.401967390e-01
8.401593070e-01
8.401729380e-01
8.403156400e-01
8.402156190e-01
8.402653790e-01
8.400585770e-01
8.401176080e-01
8.402075880e-01
8.402563590e-01
8.401920480e-01
8.402500280e-01
8.402386790e-01
8.403097390e-01
8.401705180e-01
8.402382180e-01
8.400657770e-01
8.402098480e-01

[first_drift]
7.292101509e-05
4.355100100e-05
4.360100138e-05
4.357000580e-05
4.348999937e-05
4.374998389e-05
4.356098361e-05
4.363097833e-05
4.365097266e-05
4.384099157e-05
4.355999408e-05
4.770999658e-05
4.398101009e-05
4.369000089e-05
4.350100062e-05
4.350001109e-05
4.346098285e-05
4.354998237e-05
4.360999446e-05
4.760100273e-05
4.374000127e-05
4.348100629e-05
4.365999484e-05
4.355001147e-05
4.397099838e-05
4.352998803e-05
4.362998880e-05
4.369000089e-05
4.385999637e-05
4.347102367e-05
4.749000072e-05
4.365001223e-05
4.391101538e-05
4.365001223e-05
4.353100667e-05
4.368097871e-05
4.342099419e-05
4.380999599e-05
4.357000580e-05
4.355100100e-05
4.362000618e-05
4.360999446e-05
4.409000394e-05
4.379000165e-05
4.351098323e-05
4.350999370e-05
4.364000051e-05
4.350001109e-05
4.358100705e-05
4.377000732e-05

[force]
8.408328050e-01
8.401128270e-01
8.400548060e-01
8.401160070e-01
8.401280380e-01
8.401453080e-01
8.401343970e-01
8.400208360e-01
8.400972270e-01
8.399652050e-01
8.399509660e-01
8.400466870e-01
8.399863260e-01
8.401279980e-01
8.400040360e-01
8.401602180e-01
8.400441770e-01
8.401845380e-01
8.400621770e-01
8.400244560e-01
8.400882170e-01
8.400915170e-01
8.399267860e-01
8.400569170e-01
8.401322770e-01
8.406032620e-01
8.399801170e-01
8.401377080e-01
8.400412170e-01
8.399935160e-01
8.400975580e-01
8.400848570e-01
8.400244860e-01
8.399878060e-01
8.399940660e-01
8.401451170e-01
8.400435660e-01
8.400925970e-01
8.398879650e-01
8.399437150e-01
8.400347270e-01
8.400841070e-01
8.400175560e-01
8.400784970e-01
8.400656960e-01
8.401363380e-01
8.400022160e-01
8.400646870e-01
8.398984850e-01
8.400352770e-01

[kick]
6.529997336e-05
6.375100929e-05
6.272099563e-05
6.478099385e-05
6.356998347e-05
6.458102143e-05
6.472101086e-05
6.535099237e-05
6.523099728e-05
6.487101200e-05
6.374999066e-05
6.574101280e-05
6.471000961e-05
6.424999447e-05
6.433998351e-05
6.438099081e-05
6.390997441e-05
6.486100028e-05
6.533099804e-05
6.490101805e-05
6.499100709e-05
6.412001676e-05
6.489999942e-05
6.465101615e-05
6.328101153e-05
6.883099559e-05
6.348997704e-05
6.545000360e-05
6.433099043e-05
6.444001338e-05
6.480998127e-05
6.495101843e-05
6.514100824e-05
6.624101661e-05
6.477997522e-05
6.522098556e-05
6.416099495e-05
6.464100443e-05
6.465101615e-05
6.449100329e-05
6.476000999e-05
6.501100142e-05
6.590099656e-05
6.396998651e-05
6.384099834e-05
6.458000280e-05
6.379099796e-05
6.426102482e-05
6.391998613e-05
6.542998017e-05

[second_drift]
6.256101187e-05
6.461000885e-05
6.613100413e-05
6.433101953e-05
6.264101830e-05
6.577000022e-05
6.560000475e-05
6.428000052e-05
6.287000724e-05
6.312099868e-05
6.421099533e-05
6.371000200e-05
6.434100214e-05
6.366099115e-05
6.641101209e-05
6.409999332e-05
6.366102025e-05
6.595099694e-05
6.377999671e-05
6.174997543e-05
6.384999142e-05
6.354099605e-05
6.582101923e-05
6.955998833e-05
6.473099347e-05
6.199101335e-05
6.494100671e-05
6.528099766e-05
6.171999848e-05
6.494097761e-05
6.544101052e-05
6.208100240e-05
6.315100472e-05
6.155000301e-05
7.050100248e-05
6.151001435e-05
6.442100857e-05
6.428099005e-05
6.233999738e-05
6.580099580e-05
6.442097947e-05
6.356101949e-05
6.445098552e-05
6.372100324e-05
6.558099994e-05
6.526100333e-05
6.078099250e-05
6.571999984e-05
5.967100151e-05
6.526100333e-05

[papi_cycles]
3600220935
3598409962
3598478209
3598818405
3598839785
3599090596
3598916295
3598884315
3598840959
3598689135
3598242342
3598827262
3598743317
3598951050
3598715731
3599176661
3598793411
3598798298
3598712488
3598794912
3598927664
3598886764
3598555022
3598937890
3599287938
3599100612
3598691930
3598861723
3598748637
3598826724
3598770727
3598964198
3598626935
3598593245
3598787268
3598863450
3599111854
3598918030
3598460199
3598634564
3598754981
3598911388
3598728499
3599189520
3599221439
3599120247
3598851712
3598779633
3598522381
3598698290

[papi_instructions]
5476610372
5476608706
5476608707
5476608706
5476608708
5476608706
5476608707
5476608706
5476608708
5476608706
5476608705
5476608706
5476608706
5476608706
5476608706
5476608707
5476608707
5476608706
5476608708
5476608707
5476608706
5476608708
5476608706
5476608704
5476608706
5476608707
5476608706
5476608706
5476608706
5476608706
5476608707
5476608706
5476608706
5476608708
5476608706
5476608706
5476608705
5476608706
5476608706
5476608706
5476608709
5476608706
5476608704
5476608706
5476608707
5476608707
5476608706
5476608706
5476608704
5476608708

[papi_l1_dcm]
956191440
956165681
956191569
956192923
956187186
956153328
956179406
956188772
956167447
956201105
956193204
956196044
956176590
956168556
956174330
956184312
956161065
956189738
956166912
956202230
956204843
956175870
956187461
956174053
956181925
956180292
956194861
956196948
956164035
956169023
956160976
956179462
956170007
956198872
956179765
956155202
956195503
956177948
956165042
956182768
956174041
956180880
956167162
956180926
956175734
956177055
956169450
956193084
956196176
956189535

[papi_l2_dcm]
13799317
13740349
13799285
13767928
13752183
13721403
13811698
13768309
13775332
13758367
13774219
13743527
13771546
13718290
13729182
13780009
13724224
13790215
13735437
13729699
13743672
13761466
13732075
13773494
13780013
13744400
13732452
13721084
13750836
13764451
13724669
13754062
13763814
13769297
13755882
13774641
13770501
13748387
13762518
13780009
13825432
13760674
13714714
13776701
13760766
13750775
13755229
13759089
13763520
13769248

