[config]
variant=rsqrt-newton3rd
n_particles=50000
n_steps=50
dt=1.000000000e-04
eps=5.000000000e-02
G=1.000000000e+00
mass=1.000000000e+00
max_relative_energy_drift=8.143315727e-05
energy_tolerance=1.000000000e-03

[one-time]
reading_time=1.436482999e-03
writing_time=0.000000000e+00
initial_energy_time=4.040990497e+00
total_run_time=4.408412635e+01

[total_step]
7.205007470e-01
7.195462780e-01
7.189675230e-01
7.196254580e-01
7.200074420e-01
7.195087180e-01
7.196822290e-01
7.188556620e-01
7.200216020e-01
7.207826490e-01
7.196552790e-01
7.198581910e-01
7.202463140e-01
7.203523050e-01
7.220963410e-01
7.237808770e-01
7.240598590e-01
7.218128480e-01
7.240757190e-01
7.259737360e-01
7.255119620e-01
7.251608790e-01
7.199978420e-01
7.180350340e-01
7.176982610e-01
7.188202520e-01
7.185115980e-01
7.178933830e-01
7.186292800e-01
7.182692160e-01
7.178796130e-01
7.177520210e-01
7.177910120e-01
7.186130400e-01
7.184660580e-01
7.181620050e-01
7.189533030e-01
7.190258930e-01
7.200821530e-01
7.195932180e-01
7.204599670e-01
7.200361420e-01
7.196521490e-01
7.197950100e-01
7.192923860e-01
7.204566260e-01
7.194106860e-01
7.192449550e-01
7.194227380e-01
7.195154170e-01

[first_drift]
7.121101953e-05
4.382999032e-05
4.427100066e-05
4.404998617e-05
4.400999751e-05
4.414998693e-05
4.414099385e-05
4.401998012e-05
4.430999979e-05
4.427001113e-05
4.429099499e-05
4.413002171e-05
4.408002133e-05
4.405100481e-05
4.395100405e-05
5.988098565e-05
6.554101128e-05
6.369999028e-05
4.448002437e-05
4.437999451e-05
4.442999489e-05
4.409000394e-05
4.440100747e-05
4.381002509e-05
4.393100971e-05
6.694102194e-05
4.377000732e-05
4.412099952e-05
4.394099233e-05
4.375001299e-05
6.590099656e-05
5.631000386e-05
5.936098751e-05
4.381101462e-05
4.377000732e-05
4.384099157e-05
4.407099914e-05
4.379998427e-05
4.396101576e-05
4.422999336e-05
4.400100443e-05
4.421998165e-05
4.383001942e-05
4.397000885e-05
4.416998127e-05
4.391997936e-05
4.388997331e-05
4.459102638e-05
4.401101614e-05
4.382000770e-05

[force]
7.203080750e-01
7.193744670e-01
7.187992000e-01
7.194519670e-01
7.198354710e-01
7.193378570e-01
7.195107170e-01
7.186872700e-01
7.198491110e-01
7.206098980e-01
7.194886470e-01
7.196815290e-01
7.200718130e-01
7.201857730e-01
7.219141990e-01
7.235727850e-01
7.238525560e-01
7.216186270e-01
7.239011880e-01
7.257910040e-01
7.253389300e-01
7.249853280e-01
7.198239000e-01
7.178639030e-01
7.175230690e-01
7.186279500e-01
7.183395070e-01
7.177185810e-01
7.184543370e-01
7.180770050e-01
7.176644110e-01
7.175506900e-01
7.175947600e-01
7.184444180e-01
7.182865070e-01
7.179848730e-01
7.187841410e-01
7.188547620e-01
7.199117510e-01
7.194200570e-01
7.202890540e-01
7.198645710e-01
7.194749280e-01
7.196209690e-01
7.191160040e-01
7.202835150e-01
7.192305750e-01
7.190704330e-01
7.192487250e-01
7.193439660e-01

[kick]
6.409001071e-05
6.508998922e-05
6.424097228e-05
6.498099538e-05
6.504100747e-05
6.449999637e-05
6.445002509e-05
6.537098670e-05
6.555998698e-05
6.531097461e-05
6.419100100e-05
6.687099813e-05
6.569098332e-05
6.443099119e-05
6.903099711e-05
7.934001042e-05
6.730100722e-05
6.426000618e-05
6.975099677e-05
6.552101695e-05
6.514100824e-05
6.568100071e-05
6.529100938e-05
6.549101090e-05
6.479100557e-05
6.493000546e-05
6.630099961e-05
6.598100299e-05
6.592099089e-05
7.315099356e-05
7.265998283e-05
7.064099191e-05
6.549101090e-05
6.397100515e-05
7.136000204e-05
6.604098598e-05
6.584997755e-05
6.637102342e-05
6.417999975e-05
6.501001189e-05
6.480101729e-05
6.374999066e-05
6.454999675e-05
6.585998926e-05
6.640100037e-05
6.603001384e-05
6.746099098e-05
6.535099237e-05
6.477101124e-05
6.579101318e-05

[second_drift]
5.731100100e-05
6.279099034e-05
5.970100756e-05
6.433998351e-05
6.279000081e-05
6.210099673e-05
6.279099034e-05
5.890100147e-05
6.251101149e-05
6.306002615e-05
5.810000584e-05
6.560102338e-05
6.461000885e-05
5.800000508e-05
6.911001401e-05
6.881100126e-05
7.436098531e-05
6.610099808e-05
6.017999840e-05
7.278099656e-05
6.335100625e-05
6.570998812e-05
6.418998237e-05
6.176999887e-05
6.641997606e-05
6.038101856e-05
6.197000039e-05
6.464999751e-05
6.502101314e-05
7.526000263e-05
7.659100811e-05
7.432998973e-05
7.131000166e-05
6.078000297e-05
6.430098438e-05
6.719000521e-05
5.919102114e-05
6.090998068e-05
6.219101488e-05
6.384099834e-05
6.203100202e-05
6.353101344e-05
6.876100088e-05
6.411099457e-05
6.573100109e-05
6.309099263e-05
6.868000492e-05
6.453000242e-05
6.518000737e-05
6.176999887e-05

[papi_cycles]
3074669895
3073852163
3071709043
3073966856
3070935161
3074007735
3073958940
3071016953
3072596301
3068417403
3071823941
3070534662
3073292673
3072908000
3068769436
3067745877
3069056244
3070111663
3073687802
3071008576
3072939943
3073982540
3074105079
3070381712
3069185638
3072970575
3073117084
3070207609
3072913939
3071918206
3069202913
3068997969
3070427071
3073854639
3072817198
3068937101
3072832559
3073759444
3073633970
3072160893
3071596984
3074069762
3072535861
3072823589
3073255813
3070271326
3073264957
3071785425
3072853076
3072049510

[papi_instructions]
4382235263
4382233597
4382233597
4382233597
4382233599
4382233597
4382233600
4382233596
4382233598
4382233600
4382233597
4382233597
4382233598
4382233599
4382233599
4382233602
4382233602
4382233599
4382233602
4382233603
4382233604
4382233602
4382233609
4382233596
4382233596
4382233597
4382233597
4382233596
4382233596
4382233596
4382233596
4382233598
4382233595
4382233596
4382233596
4382233597
4382233601
4382233598
4382233598
4382233598
4382233599
4382233598
4382233597
4382233602
4382233598
4382233598
4382233596
4382233597
4382233598
4382233598

[papi_l1_dcm]
952668264
952681155
952646211
952660255
952667265
952662098
952662839
952680220
952661077
952679046
952671665
952678693
952678234
952670303
952681592
952684850
952659629
952664342
952677329
952676887
952653297
952680604
952669120
952610144
952671569
952675145
952665382
952672494
952689840
952681374
952665118
952664592
952684233
952683278
952678523
952621227
952663026
952665883
952674664
952601516
952673482
952662749
952660837
952690966
952643032
952671898
952663460
952673638
952675287
952673741

[papi_l2_dcm]
24569995
24537797
24515689
24552401
24555296
24639198
24691029
24448935
24602969
24515111
24572760
24425642
24686589
24610079
24548594
24504972
24628228
24525715
24683001
24500537
24560988
24583055
24663492
24380557
24378490
24535676
24574177
24393230
24484762
24446860
24533193
24508491
24590307
24522712
24520196
24461577
24555251
24569713
24576534
24510951
24616500
24594170
24435950
24540512
24566988
24490549
24554952
24417560
24581502
24415550

