[config]
variant=rsqrt-newton3rd
n_particles=50000
n_steps=50
dt=1.000000000e-04
eps=5.000000000e-02
G=1.000000000e+00
mass=1.000000000e+00
max_relative_energy_drift=0.000000000e+00
energy_tolerance=1.000000000e-03

[one-time]
reading_time=1.432794990e-03
writing_time=0.000000000e+00
initial_energy_time=4.027050450e+00
total_run_time=5.309451396e+01

[total_step]
9.018692100e-01
9.007808690e-01
9.003552550e-01
9.006712270e-01
9.006942780e-01
9.003351250e-01
9.005595560e-01
9.005672270e-01
9.007217590e-01
9.008004600e-01
9.008671710e-01
9.007147380e-01
9.006671770e-01
9.008904910e-01
9.005224160e-01
9.006535980e-01
9.006346170e-01
9.007143680e-01
9.006631580e-01
9.005994670e-01
9.007689090e-01
9.005963970e-01
9.007447780e-01
9.005874870e-01
9.006009870e-01
9.006792280e-01
9.006431580e-01
9.011218120e-01
9.006417480e-01
9.007423080e-01
9.006524180e-01
9.008473400e-01
9.007988190e-01
9.006121470e-01
9.011004520e-01
9.006945190e-01
9.006282070e-01
9.007520280e-01
9.006944780e-01
9.006088070e-01
9.009323200e-01
9.006398780e-01
9.007181480e-01
9.008665900e-01
9.007624390e-01
9.008235390e-01
9.007133280e-01
9.010586420e-01
9.006865680e-01
9.007915390e-01

[first_drift]
7.678000838e-05
4.869099939e-05
4.837100278e-05
4.827999510e-05
4.869099939e-05
4.860101035e-05
4.829998943e-05
4.848101526e-05
4.857100430e-05
4.868101678e-05
4.893098958e-05
4.881000496e-05
4.889999400e-05
4.850100959e-05
4.853002611e-05
4.928998533e-05
4.867999814e-05
4.866000381e-05
4.864099901e-05
4.855002044e-05
4.849000834e-05
4.842001363e-05
4.866000381e-05
4.897100735e-05
4.869999248e-05
4.848098615e-05
4.866099334e-05
4.872999853e-05
4.832100240e-05
4.909999552e-05
4.886099487e-05
4.879100015e-05
4.882001667e-05
4.903101944e-05
4.864099901e-05
4.867097596e-05
5.647001672e-05
4.949999857e-05
4.859999171e-05
4.862001515e-05
4.914001329e-05
4.878101754e-05
4.902997171e-05
4.851102130e-05
4.866099334e-05
4.887001705e-05
4.907100811e-05
4.860098124e-05
4.879100015e-05
4.856099258e-05

[force]
9.016565390e-01
9.006010370e-01
9.001735820e-01
9.004879060e-01
9.005113860e-01
9.001554520e-01
9.003732250e-01
9.003839050e-01
9.005417760e-01
9.006216770e-01
9.006832480e-01
9.005294460e-01
9.004862160e-01
9.007088180e-01
9.003442740e-01
9.004685160e-01
9.004550960e-01
9.005367670e-01
9.004796560e-01
9.004159450e-01
9.005865970e-01
9.004180160e-01
9.005643070e-01
9.004042250e-01
9.004199250e-01
9.004969460e-01
9.004580560e-01
9.009401210e-01
9.004622460e-01
9.005576270e-01
9.004692960e-01
9.006634870e-01
9.006153480e-01
9.004292350e-01
9.009179800e-01
9.005161060e-01
9.004386250e-01
9.005719470e-01
9.005073960e-01
9.004323850e-01
9.007484890e-01
9.004569250e-01
9.005329670e-01
9.006866680e-01
9.005822660e-01
9.006374480e-01
9.005272460e-01
9.008738500e-01
9.005052760e-01
9.006086770e-01

[kick]
6.594997831e-05
6.452001981e-05
6.463102181e-05
6.484100595e-05
6.445002509e-05
6.510101957e-05
6.981097977e-05
6.416000542e-05
6.333101192e-05
6.471099914e-05
6.405098247e-05
6.611100980e-05
6.438099081e-05
6.592099089e-05
6.495101843e-05
6.643100642e-05
6.429001223e-05
6.522101467e-05
6.470002700e-05
6.836099783e-05
6.569101242e-05
6.535000284e-05
6.508099614e-05
6.341101835e-05
6.561100599e-05
6.754099741e-05
6.568999379e-05
6.400997518e-05
6.391000352e-05
6.499100709e-05
6.476000999e-05
6.457098061e-05
6.477002171e-05
6.500000018e-05
6.446102634e-05
6.373098586e-05
6.416102406e-05
6.397100515e-05
6.388101610e-05
6.455101538e-05
6.515099085e-05
6.523099728e-05
6.534100976e-05
6.441998994e-05
6.500098971e-05
6.553001003e-05
6.907098577e-05
6.548999227e-05
6.412100629e-05
6.471000961e-05

[second_drift]
6.989101530e-05
6.657099584e-05
6.862098235e-05
7.013999857e-05
6.970099639e-05
6.592099089e-05
6.797001697e-05
7.063100929e-05
6.802999997e-05
6.533999112e-05
7.083101082e-05
7.032099529e-05
6.763101555e-05
6.720100646e-05
6.461099838e-05
6.931097596e-05
6.650100113e-05
6.366998423e-05
7.011098205e-05
6.656101323e-05
6.808098988e-05
6.454100367e-05
6.667000707e-05
7.083098171e-05
6.669000140e-05
6.615099846e-05
7.070100401e-05
6.890101940e-05
6.722097169e-05
7.054000162e-05
6.945099449e-05
7.043100777e-05
6.983097410e-05
6.883099559e-05
6.931999815e-05
6.596100866e-05
6.887098425e-05
6.655999459e-05
7.455100422e-05
6.320100510e-05
6.946999929e-05
6.885101902e-05
7.075999747e-05
6.693101022e-05
6.643100642e-05
7.163098780e-05
6.787999882e-05
7.062099758e-05
6.828998448e-05
6.954098353e-05

[papi_cycles]
3861045920
3857001319
3856612557
3858200871
3857878524
3857092459
3857721513
3857777589
3858554495
3858390360
3858697098
3857937459
3858114540
3858654312
3857427484
3857522360
3857724750
3858295544
3857788933
3857816324
3858198497
3857756579
3858170439
3857801917
3857884158
3857777266
3857971683
3858536784
3858171908
3858004370
3857911414
3858039557
3858580247
3857765083
3857536663
3858016569
3857495664
3858341494
3857888445
3857738474
3858675808
3857849436
3858249169
3858690593
3858267073
3858163040
3858184039
3857367764
3858023550
3858116902

[papi_instructions]
5476610433
5476608769
5476608766
5476608767
5476608768
5476608766
5476608766
5476608766
5476608766
5476608767
5476608766
5476608768
5476608767
5476608768
5476608766
5476608767
5476608767
5476608768
5476608765
5476608766
5476608767
5476608770
5476608767
5476608766
5476608767
5476608766
5476608767
5476608769
5476608765
5476608767
5476608767
5476608771
5476608767
5476608767
5476608767
5476608767
5476608766
5476608767
5476608764
5476608767
5476608767
5476608769
5476608766
5476608767
5476608768
5476608767
5476608766
5476608770
5476608765
5476608767

[papi_l1_dcm]
957737239
957692546
957739058
957714064
957690872
957707776
957691032
957663366
957680566
957710732
957677695
957722440
957726626
957729244
957722216
957762238
957713014
957740723
957709996
957690619
957694140
957676234
957718617
957663779
957695424
957717579
957720938
957786173
957709017
957696192
957702447
957739505
957712410
957711538
957728130
957716428
957664700
957749012
957698959
957666350
957676328
957683781
957714106
957666217
957692235
957671453
957709335
957719597
957699300
957658308

[papi_l2_dcm]
14151413
14121540
14181999
14106601
14113185
14127043
14113856
14090848
14121987
14133902
14124883
14123523
14116300
14159130
14114180
14108694
14149174
14136552
14111928
14111092
14117006
14114936
14100412
14118964
14130593
14128358
14104055
14127252
14119601
14134299
14094003
14123118
14121213
14095281
14127752
14117957
14124459
14114135
14117823
14092733
14113101
14110196
14090369
14120349
14115950
14125800
14133144
14106912
14108722
14097790

