[config]
variant=newton3rd
n_particles=50000
n_steps=50
dt=1.000000000e-04
eps=5.000000000e-02
G=1.000000000e+00
mass=1.000000000e+00
max_relative_energy_drift=3.699530701e-07
energy_tolerance=1.000000000e-03

[one-time]
reading_time=1.455865800e-03
writing_time=0.000000000e+00
initial_energy_time=4.154343995e+00
total_run_time=6.576342719e+01

[total_step]
1.148771930e+00
1.147611968e+00
1.148021773e+00
1.147641389e+00
1.148161113e+00
1.148941712e+00
1.149192265e+00
1.149484728e+00
1.149616370e+00
1.150981006e+00
1.149214575e+00
1.148667739e+00
1.148271045e+00
1.149148965e+00
1.148968314e+00
1.149266576e+00
1.149162005e+00
1.149053723e+00
1.149031795e+00
1.149236715e+00
1.149512819e+00
1.148574209e+00
1.150429269e+00
1.149359118e+00
1.148869071e+00
1.148346736e+00
1.149359928e+00
1.149083154e+00
1.149329277e+00
1.149304916e+00
1.149250416e+00
1.149103244e+00
1.149209655e+00
1.149718021e+00
1.148870612e+00
1.149306236e+00
1.150427921e+00
1.149388277e+00
1.149358817e+00
1.149088574e+00
1.149520479e+00
1.148460487e+00
1.148945022e+00
1.149013204e+00
1.149044193e+00
1.149582960e+00
1.148813291e+00
1.148601689e+00
1.149021463e+00
1.148091973e+00

[first_drift]
1.116506755e-04
5.543138832e-05
7.638055831e-05
6.947014481e-05
6.849970669e-05
7.264129817e-05
5.360040814e-05
7.555074990e-05
7.850117981e-05
7.615052164e-05
6.718095392e-05
7.385946810e-05
7.607135922e-05
7.393024862e-05
7.750093937e-05
6.112921983e-05
5.951989442e-05
7.184036076e-05
6.202049553e-05
7.626134902e-05
7.421057671e-05
7.148087025e-05
6.667990237e-05
7.242057472e-05
6.600096822e-05
7.322151214e-05
7.031019777e-05
6.535090506e-05
6.909109652e-05
7.473025471e-05
8.332170546e-05
7.671024650e-05
7.396005094e-05
7.159169763e-05
7.235072553e-05
4.587974399e-05
7.490068674e-05
7.591024041e-05
7.398147136e-05
7.442105561e-05
7.814075798e-05
7.291138172e-05
7.469113916e-05
6.044004112e-05
7.309112698e-05
6.836093962e-05
7.340032607e-05
7.159076631e-05
5.144998431e-05
7.522106171e-05

[force]
1.148498788e+00
1.147363044e+00
1.147790600e+00
1.147415356e+00
1.147899891e+00
1.148728750e+00
1.148979523e+00
1.149189155e+00
1.149384538e+00
1.150757053e+00
1.148991032e+00
1.148434899e+00
1.147977591e+00
1.148887972e+00
1.148746571e+00
1.149038904e+00
1.148951423e+00
1.148827771e+00
1.148789251e+00
1.148986382e+00
1.149266916e+00
1.148352657e+00
1.150181026e+00
1.149146505e+00
1.148617648e+00
1.148119133e+00
1.149156655e+00
1.148863421e+00
1.149054994e+00
1.149046323e+00
1.148965003e+00
1.148858892e+00
1.148984074e+00
1.149492219e+00
1.148571898e+00
1.149084534e+00
1.150181917e+00
1.149138955e+00
1.149122974e+00
1.148816941e+00
1.149250067e+00
1.148216264e+00
1.148732630e+00
1.148799101e+00
1.148804030e+00
1.149338097e+00
1.148554059e+00
1.148393776e+00
1.148798901e+00
1.147847690e+00

[kick]
5.982071161e-05
9.972043335e-05
7.213186473e-05
7.608067244e-05
9.794067591e-05
6.572064012e-05
7.656123489e-05
1.104315743e-04
6.741005927e-05
7.274094969e-05
6.700120866e-05
6.476975977e-05
1.097414643e-04
9.247101843e-05
6.277114153e-05
6.622076035e-05
6.819050759e-05
7.048062980e-05
9.351130575e-05
9.086076170e-05
7.991120219e-05
6.254110485e-05
7.776077837e-05
6.062164903e-05
9.017158300e-05
7.510092109e-05
6.149988621e-05
6.787106395e-05
9.191129357e-05
9.430106729e-05
1.045903191e-04
7.918104529e-05
7.538031787e-05
6.798002869e-05
1.130513847e-04
8.499156684e-05
8.578039706e-05
8.558109403e-05
7.338076830e-05
8.414126933e-05
1.022508368e-04
7.987022400e-05
6.070174277e-05
6.823148578e-05
7.933098823e-05
9.159091860e-05
8.856039494e-05
6.358046085e-05
7.818173617e-05
8.832104504e-05

[second_drift]
1.016212627e-04
9.371247143e-05
8.261017501e-05
8.043088019e-05
9.473133832e-05
7.449183613e-05
8.247047663e-05
1.094806939e-04
8.570123464e-05
7.502175868e-05
8.931104094e-05
9.402073920e-05
1.075910404e-04
9.454134852e-05
8.137058467e-05
1.002112404e-04
8.283182979e-05
8.353125304e-05
8.676107973e-05
8.316058666e-05
9.174086154e-05
8.748099208e-05
1.037325710e-04
7.952097803e-05
9.519048035e-05
7.897056639e-05
7.142126560e-05
8.642114699e-05
1.131212339e-04
8.951127529e-05
9.734090418e-05
8.835177869e-05
7.619149983e-05
8.613057435e-05
1.132115722e-04
9.078066796e-05
8.510146290e-05
8.779112250e-05
8.842069656e-05
1.130308956e-04
8.997041732e-05
9.110104293e-05
7.695052773e-05
8.539017290e-05
8.760113269e-05
8.487049490e-05
9.723100811e-05
7.262080908e-05
9.282026440e-05
8.064135909e-05

