[config]
variant=newton3rd
n_particles=50000
n_steps=50
dt=1.000000000e-04
eps=5.000000000e-02
G=1.000000000e+00
mass=1.000000000e+00
max_relative_energy_drift=3.699530701e-07
energy_tolerance=1.000000000e-03

[one-time]
reading_time=3.323607147e-03
writing_time=0.000000000e+00
initial_energy_time=4.187523619e+00
total_run_time=6.362966459e+01

[total_step]
1.107941672e+00
1.106109932e+00
1.106104742e+00
1.107030562e+00
1.105667387e+00
1.106103143e+00
1.106264563e+00
1.106532827e+00
1.106489586e+00
1.106248704e+00
1.106740529e+00
1.105976260e+00
1.106525998e+00
1.107570218e+00
1.107001052e+00
1.106150703e+00
1.105822928e+00
1.106527946e+00
1.106237914e+00
1.105663775e+00
1.106802970e+00
1.106220272e+00
1.106407586e+00
1.106693269e+00
1.106252633e+00
1.105536815e+00
1.106921621e+00
1.106330034e+00
1.105595985e+00
1.106568327e+00
1.104284351e+00
1.104835138e+00
1.104868177e+00
1.104874277e+00
1.104450453e+00
1.104808568e+00
1.105113970e+00
1.104586855e+00
1.105351543e+00
1.105098211e+00
1.105574386e+00
1.104856607e+00
1.104667776e+00
1.104558844e+00
1.105512145e+00
1.105129201e+00
1.105097861e+00
1.104558844e+00
1.104001368e+00
1.105053830e+00

[first_drift]
9.996071458e-05
7.125083357e-05
7.505062968e-05
7.241126150e-05
4.577077925e-05
4.618056118e-05
8.241087198e-05
7.485132664e-05
7.470138371e-05
7.333047688e-05
7.542129606e-05
6.747152656e-05
4.608184099e-05
5.634967238e-05
7.874052972e-05
7.025059313e-05
4.552118480e-05
7.487181574e-05
5.311146379e-05
7.677078247e-05
7.552094758e-05
4.586949944e-05
6.365124136e-05
7.868092507e-05
4.606973380e-05
7.659103721e-05
5.532056093e-05
7.350090891e-05
7.221009582e-05
9.549129754e-05
7.774960250e-05
6.559118629e-05
4.580989480e-05
5.199108273e-05
7.550138980e-05
7.461104542e-05
4.683062434e-05
4.594121128e-05
6.095133722e-05
7.659103721e-05
7.049087435e-05
6.794091314e-05
7.744133472e-05
5.865190178e-05
8.460041136e-05
7.739104331e-05
4.938151687e-05
7.509998977e-05
7.409043610e-05
7.125083357e-05

[force]
1.107693869e+00
1.105856000e+00
1.105864789e+00
1.106769509e+00
1.105453084e+00
1.105911309e+00
1.106015870e+00
1.106283034e+00
1.106265092e+00
1.106003252e+00
1.106527707e+00
1.105713227e+00
1.106350644e+00
1.107332836e+00
1.106764939e+00
1.105950540e+00
1.105607046e+00
1.106328214e+00
1.105975910e+00
1.105402303e+00
1.106585447e+00
1.106039952e+00
1.106154782e+00
1.106479466e+00
1.106018322e+00
1.105330694e+00
1.106687448e+00
1.106085791e+00
1.105274373e+00
1.106282553e+00
1.104068579e+00
1.104594825e+00
1.104543624e+00
1.104661855e+00
1.104201640e+00
1.104560815e+00
1.104885478e+00
1.104402943e+00
1.105104440e+00
1.104869538e+00
1.105370753e+00
1.104613545e+00
1.104461164e+00
1.104317880e+00
1.105244982e+00
1.104919109e+00
1.104878738e+00
1.104311552e+00
1.103773675e+00
1.104809187e+00

[kick]
7.169134915e-05
8.932035416e-05
7.902085781e-05
1.066112891e-04
8.753128350e-05
6.924103945e-05
8.612032980e-05
8.865073323e-05
7.600151002e-05
9.022094309e-05
6.761960685e-05
1.102406532e-04
6.345100701e-05
9.847152978e-05
7.662177086e-05
6.337091327e-05
8.918065578e-05
6.032083184e-05
1.051817089e-04
9.474065155e-05
7.069110870e-05
6.193108857e-05
1.001115888e-04
6.370153278e-05
9.353086352e-05
6.044097245e-05
9.158160537e-05
8.865073323e-05
1.264810562e-04
9.428150952e-05
6.497092545e-05
9.978096932e-05
1.581814140e-04
7.195118815e-05
8.921138942e-05
8.790101856e-05
9.683240205e-05
5.814991891e-05
9.909085929e-05
7.176119834e-05
6.183050573e-05
8.937064558e-05
6.474927068e-05
9.583123028e-05
9.883102030e-05
6.672088057e-05
8.718110621e-05
8.589122444e-05
7.606111467e-05
8.884072304e-05

[second_drift]
7.611140609e-05
9.332131594e-05
8.584093302e-05
8.198060095e-05
8.096080273e-05
7.628090680e-05
8.012168109e-05
8.610077202e-05
7.354095578e-05
8.184928447e-05
6.963126361e-05
8.526071906e-05
6.576068699e-05
8.252076805e-05
8.071027696e-05
6.648991257e-05
8.112099022e-05
6.449036300e-05
1.035612077e-04
8.984096348e-05
7.126107812e-05
7.247086614e-05
8.898042142e-05
7.137004286e-05
9.441096336e-05
6.903987378e-05
8.714105934e-05
8.200109005e-05
1.224819571e-04
9.595137089e-05
7.300078869e-05
7.488019764e-05
1.205112785e-04
8.843094110e-05
8.402019739e-05
8.519180119e-05
8.478946984e-05
7.976125926e-05
8.701067418e-05
8.020084351e-05
7.120147347e-05
8.569099009e-05
6.437115371e-05
8.639134467e-05
8.368119597e-05
6.591994315e-05
8.250121027e-05
8.620042354e-05
7.744133472e-05
8.450169116e-05

