[config]
variant=newton3rd
n_particles=50000
n_steps=50
dt=1.000000000e-04
eps=5.000000000e-02
G=1.000000000e+00
mass=1.000000000e+00
max_relative_energy_drift=3.699530701e-07
energy_tolerance=1.000000000e-03

[one-time]
reading_time=1.507727429e-03
writing_time=0.000000000e+00
initial_energy_time=4.158089198e+00
total_run_time=6.433254235e+01

[total_step]
1.121159040e+00
1.119618074e+00
1.120059397e+00
1.119778745e+00
1.119775215e+00
1.119710504e+00
1.119704745e+00
1.120363012e+00
1.120559803e+00
1.119846758e+00
1.120951249e+00
1.120805196e+00
1.121132810e+00
1.120632434e+00
1.120080208e+00
1.120073879e+00
1.120114359e+00
1.121431144e+00
1.120616584e+00
1.120560274e+00
1.121092750e+00
1.120581654e+00
1.119590002e+00
1.119207489e+00
1.120551503e+00
1.120203250e+00
1.120329641e+00
1.120475383e+00
1.120432613e+00
1.119604413e+00
1.120380382e+00
1.120263011e+00
1.120279140e+00
1.120060149e+00
1.119413222e+00
1.120911617e+00
1.121176761e+00
1.120220150e+00
1.120054698e+00
1.120418142e+00
1.120666564e+00
1.120667147e+00
1.119827645e+00
1.120548643e+00
1.120853957e+00
1.119939567e+00
1.120546964e+00
1.119768306e+00
1.119409732e+00
1.120591825e+00

[first_drift]
7.217004895e-05
4.700105637e-05
7.639080286e-05
5.043111742e-05
4.652049392e-05
4.632119089e-05
4.699081182e-05
6.195157766e-05
7.600057870e-05
4.600081593e-05
4.610046744e-05
5.423091352e-05
4.625041038e-05
4.598964006e-05
4.642084241e-05
4.634074867e-05
4.605948925e-05
4.658009857e-05
4.670023918e-05
4.613120109e-05
7.641129196e-05
4.629138857e-05
4.670117050e-05
4.607066512e-05
4.641991109e-05
4.618056118e-05
5.667004734e-05
5.498062819e-05
7.548183203e-05
4.623085260e-05
4.681013525e-05
4.626996815e-05
4.617962986e-05
4.653073847e-05
7.853098214e-05
4.643015563e-05
4.733074456e-05
5.256012082e-05
4.622060806e-05
4.575029016e-05
6.837025285e-05
4.594027996e-05
5.294010043e-05
7.125083357e-05
4.637055099e-05
4.655122757e-05
4.607066512e-05
4.601012915e-05
4.641059786e-05
7.707066834e-05

[force]
1.120898608e+00
1.119396782e+00
1.119847245e+00
1.119586792e+00
1.119576512e+00
1.119494711e+00
1.119525523e+00
1.120104538e+00
1.120306551e+00
1.119654164e+00
1.120724516e+00
1.120577404e+00
1.120922968e+00
1.120439524e+00
1.119848086e+00
1.119905747e+00
1.119891497e+00
1.121207802e+00
1.120442873e+00
1.120329231e+00
1.120873487e+00
1.120339251e+00
1.119414940e+00
1.118979996e+00
1.120292991e+00
1.120020138e+00
1.120112740e+00
1.120230340e+00
1.120204720e+00
1.119426101e+00
1.120163971e+00
1.120075788e+00
1.120049789e+00
1.119835166e+00
1.119134689e+00
1.120676865e+00
1.120944298e+00
1.120021238e+00
1.119839585e+00
1.120189390e+00
1.120441293e+00
1.120469883e+00
1.119610042e+00
1.120300690e+00
1.120678496e+00
1.119699444e+00
1.120304551e+00
1.119596774e+00
1.119183888e+00
1.120327491e+00

[kick]
1.000408083e-04
8.762069046e-05
6.175041199e-05
5.885120481e-05
6.819143891e-05
8.090026677e-05
6.027054042e-05
9.435135871e-05
9.795185179e-05
6.431061774e-05
9.101070464e-05
8.853059262e-05
7.150135934e-05
6.465055048e-05
9.319093078e-05
5.737040192e-05
9.032059461e-05
9.185075760e-05
5.823001266e-05
9.531062096e-05
6.627105176e-05
9.208079427e-05
5.868077278e-05
9.122118354e-05
1.072511077e-04
5.856063217e-05
7.815100253e-05
9.722076356e-05
7.363129407e-05
6.260070950e-05
8.960068226e-05
6.899144500e-05
9.119044989e-05
8.810963482e-05
1.014806330e-04
9.487103671e-05
9.378232062e-05
6.863102317e-05
6.575137377e-05
9.227078408e-05
7.504131645e-05
7.439125329e-05
7.554143667e-05
9.446125478e-05
5.992967635e-05
1.006815583e-04
1.010512933e-04
5.955994129e-05
9.253155440e-05
9.153038263e-05

[second_drift]
8.817110211e-05
8.661113679e-05
7.396098226e-05
8.262041956e-05
8.394103497e-05
8.852127939e-05
7.186084986e-05
1.019611955e-04
7.924064994e-05
8.220132440e-05
8.956063539e-05
8.497107774e-05
9.183119982e-05
8.208118379e-05
9.245146066e-05
6.426125765e-05
8.641090244e-05
8.485093713e-05
6.873067468e-05
8.954107761e-05
7.653143257e-05
1.039812341e-04
6.964057684e-05
9.014084935e-05
1.046415418e-04
7.825065404e-05
8.195079863e-05
9.279046208e-05
7.873028517e-05
6.943102926e-05
7.987115532e-05
7.191020995e-05
9.194109589e-05
9.028147906e-05
9.847152978e-05
9.340140969e-05
9.129010141e-05
7.767137140e-05
1.031011343e-04
9.068101645e-05
8.175056428e-05
7.689092308e-05
8.907075971e-05
8.220132440e-05
6.910134107e-05
9.283050895e-05
9.502097964e-05
6.591156125e-05
8.685048670e-05
9.544100612e-05

