[config]
variant=newton3rd
n_particles=50000
n_steps=50
dt=1.000000000e-04
eps=5.000000000e-02
G=1.000000000e+00
mass=1.000000000e+00
max_relative_energy_drift=3.699530701e-07
energy_tolerance=1.000000000e-03

[one-time]
reading_time=1.476487145e-03
writing_time=0.000000000e+00
initial_energy_time=4.147785882e+00
total_run_time=6.276246203e+01

[total_step]
1.089141762e+00
1.087699915e+00
1.088544895e+00
1.088762227e+00
1.088319972e+00
1.088281882e+00
1.088528755e+00
1.087084458e+00
1.088109029e+00
1.089216052e+00
1.089554376e+00
1.089349514e+00
1.088792167e+00
1.088800768e+00
1.089778178e+00
1.089393364e+00
1.089954630e+00
1.089326844e+00
1.089560457e+00
1.089931080e+00
1.090241884e+00
1.089125461e+00
1.089528316e+00
1.090463405e+00
1.089198882e+00
1.090148114e+00
1.089413393e+00
1.089752289e+00
1.089562966e+00
1.089956390e+00
1.089813889e+00
1.090209993e+00
1.089402646e+00
1.088847308e+00
1.088587563e+00
1.089098991e+00
1.089705808e+00
1.089944621e+00
1.089792529e+00
1.088602575e+00
1.089694808e+00
1.089275924e+00
1.088771017e+00
1.088661706e+00
1.089410273e+00
1.089334032e+00
1.089609217e+00
1.088724536e+00
1.090349056e+00
1.089128972e+00

[first_drift]
9.474065155e-05
4.544109106e-05
4.509184510e-05
4.535075277e-05
7.233116776e-05
6.759073585e-05
4.606135190e-05
4.545971751e-05
6.547104567e-05
7.453095168e-05
4.583038390e-05
4.584155977e-05
4.502013326e-05
7.434096187e-05
6.838142872e-05
4.564132541e-05
7.493048906e-05
4.504062235e-05
4.469975829e-05
4.690978676e-05
5.375128239e-05
4.517007619e-05
7.525086403e-05
5.182996392e-05
4.509091377e-05
7.528066635e-05
4.510954022e-05
7.735099643e-05
4.481989890e-05
7.508974522e-05
4.582107067e-05
4.552118480e-05
4.621129483e-05
4.521012306e-05
4.576984793e-05
4.481058568e-05
4.594027996e-05
5.719065666e-05
4.538055509e-05
4.568975419e-05
4.530139267e-05
7.485039532e-05
4.465971142e-05
4.558078945e-05
4.496052861e-05
7.745996118e-05
4.542991519e-05
4.491023719e-05
8.290074766e-05
4.542060196e-05

[force]
1.088904779e+00
1.087500213e+00
1.088342612e+00
1.088553724e+00
1.088102080e+00
1.088051300e+00
1.088322832e+00
1.086885276e+00
1.087884907e+00
1.088983269e+00
1.089345315e+00
1.089169762e+00
1.088574335e+00
1.088564345e+00
1.089527815e+00
1.089178242e+00
1.089739138e+00
1.089109112e+00
1.089275013e+00
1.089698608e+00
1.090062493e+00
1.088901999e+00
1.089273623e+00
1.090279875e+00
1.088980949e+00
1.089949531e+00
1.089191512e+00
1.089547066e+00
1.089342774e+00
1.089713878e+00
1.089608746e+00
1.090015501e+00
1.089217762e+00
1.088619916e+00
1.088415001e+00
1.088879499e+00
1.089538106e+00
1.089751388e+00
1.089570496e+00
1.088422504e+00
1.089464855e+00
1.089075810e+00
1.088546065e+00
1.088484764e+00
1.089189372e+00
1.089094752e+00
1.089432105e+00
1.088490944e+00
1.090119193e+00
1.088898139e+00

[kick]
7.327087224e-05
8.134078234e-05
8.644070476e-05
8.292123675e-05
6.875116378e-05
8.956063539e-05
8.877087384e-05
7.420033216e-05
7.892120630e-05
7.885042578e-05
8.824095130e-05
6.385985762e-05
9.028147906e-05
8.670054376e-05
8.653104305e-05
8.369144052e-05
7.261056453e-05
9.268056601e-05
1.399023458e-04
8.825119585e-05
5.926005542e-05
8.904095739e-05
9.221024811e-05
6.140954792e-05
8.952058852e-05
5.895085633e-05
9.098090231e-05
6.304029375e-05
8.776038885e-05
8.613150567e-05
8.359178901e-05
7.287133485e-05
6.409082562e-05
9.899120778e-05
6.267055869e-05
9.331014007e-05
5.995016545e-05
6.854999810e-05
9.822100401e-05
6.475951523e-05
9.889062494e-05
6.203074008e-05
9.926129133e-05
6.098020822e-05
9.089056402e-05
8.732080460e-05
6.510037929e-05
9.686127305e-05
6.334949285e-05
9.100139141e-05

[second_drift]
6.891973317e-05
7.287040353e-05
7.058121264e-05
8.008070290e-05
7.674004883e-05
7.338076830e-05
7.103104144e-05
7.937103510e-05
7.969141006e-05
7.935147732e-05
7.492955774e-05
7.000099868e-05
8.238013834e-05
7.533188909e-05
9.540189058e-05
8.564069867e-05
6.789993495e-05
7.997080684e-05
1.006107777e-04
9.726081043e-05
6.626080722e-05
8.921045810e-05
8.719135076e-05
7.025152445e-05
8.313078433e-05
6.430037320e-05
8.558109403e-05
6.479118019e-05
8.746143430e-05
8.125044405e-05
7.569044828e-05
7.605087012e-05
7.453095168e-05
8.315034211e-05
6.396044046e-05
8.132122457e-05
6.176158786e-05
6.744079292e-05
7.839128375e-05
6.957072765e-05
8.571147919e-05
6.319116801e-05
8.098129183e-05
7.034093142e-05
8.499156684e-05
7.446110249e-05
6.652995944e-05
9.172037244e-05
8.356105536e-05
9.436067194e-05

