[config]
variant=newton3rd
n_particles=50000
n_steps=50
dt=1.000000000e-04
eps=5.000000000e-02
G=1.000000000e+00
mass=1.000000000e+00
max_relative_energy_drift=3.699530701e-07
energy_tolerance=1.000000000e-03

[one-time]
reading_time=1.688078977e-03
writing_time=0.000000000e+00
initial_energy_time=4.152096991e+00
total_run_time=6.310409445e+01

[total_step]
1.096892558e+00
1.095864347e+00
1.095451002e+00
1.095936928e+00
1.096069269e+00
1.096345522e+00
1.094911667e+00
1.096008669e+00
1.095389351e+00
1.095643064e+00
1.095371331e+00
1.095326032e+00
1.096799457e+00
1.096121101e+00
1.095603684e+00
1.095622884e+00
1.096320831e+00
1.095676094e+00
1.095800323e+00
1.095979568e+00
1.097615045e+00
1.096684256e+00
1.096320612e+00
1.095294021e+00
1.096790696e+00
1.095727434e+00
1.095296792e+00
1.096448033e+00
1.095797026e+00
1.095863347e+00
1.096369733e+00
1.095718325e+00
1.095630675e+00
1.095446092e+00
1.095063348e+00
1.095424182e+00
1.095861666e+00
1.095696235e+00
1.096711397e+00
1.095360891e+00
1.095464421e+00
1.096106780e+00
1.095575784e+00
1.095699496e+00
1.096091929e+00
1.096481834e+00
1.095434162e+00
1.096409223e+00
1.096516524e+00
1.096206981e+00

[first_drift]
1.011611894e-04
6.531085819e-05
4.550069571e-05
4.545133561e-05
6.327126175e-05
4.624016583e-05
5.390122533e-05
4.575029016e-05
4.548113793e-05
4.485994577e-05
4.506949335e-05
4.566088319e-05
5.069095641e-05
7.426086813e-05
4.526041448e-05
4.579033703e-05
4.555098712e-05
4.533026367e-05
4.541035742e-05
4.559010267e-05
4.515144974e-05
4.509091377e-05
4.541128874e-05
4.572141916e-05
4.633981735e-05
4.614982754e-05
5.104113370e-05
7.351115346e-05
7.292162627e-05
4.556123167e-05
4.553142935e-05
7.636100054e-05
4.505086690e-05
7.600151002e-05
4.526134580e-05
5.841068923e-05
4.586111754e-05
4.476029426e-05
4.559103400e-05
4.591140896e-05
4.557147622e-05
7.440056652e-05
4.539173096e-05
4.481989890e-05
4.561059177e-05
7.778126746e-05
7.411092520e-05
4.587974399e-05
4.546996206e-05
8.536037058e-05

[force]
1.096656877e+00
1.095659374e+00
1.095268101e+00
1.095725224e+00
1.095827076e+00
1.096121700e+00
1.094724543e+00
1.095796307e+00
1.095227139e+00
1.095457072e+00
1.095144699e+00
1.095151728e+00
1.096567124e+00
1.095900147e+00
1.095362661e+00
1.095407861e+00
1.096132129e+00
1.095501753e+00
1.095579682e+00
1.095811746e+00
1.097384582e+00
1.096506184e+00
1.096093888e+00
1.095093738e+00
1.096560195e+00
1.095489443e+00
1.095064389e+00
1.096219460e+00
1.095540723e+00
1.095692106e+00
1.096137909e+00
1.095514763e+00
1.095418871e+00
1.095184959e+00
1.094884985e+00
1.095167879e+00
1.095665254e+00
1.095481593e+00
1.096496404e+00
1.095183619e+00
1.095237968e+00
1.095839177e+00
1.095395640e+00
1.095510673e+00
1.095866307e+00
1.096223621e+00
1.095183959e+00
1.096183782e+00
1.096286852e+00
1.095935418e+00

[kick]
6.164051592e-05
6.619095802e-05
7.092114538e-05
8.605141193e-05
9.335111827e-05
9.301118553e-05
6.235111505e-05
9.128078818e-05
5.816109478e-05
6.847083569e-05
9.320117533e-05
6.178114563e-05
9.382050484e-05
7.347110659e-05
1.062108204e-04
8.808076382e-05
6.773043424e-05
6.105098873e-05
9.620096534e-05
5.841068923e-05
1.000016928e-04
6.876140833e-05
9.551085532e-05
8.088070899e-05
1.008613035e-04
1.017712057e-04
9.583029896e-05
7.388088852e-05
9.954068810e-05
5.968939513e-05
9.575206786e-05
5.902163684e-05
8.829124272e-05
9.718071669e-05
6.332062185e-05
9.780097753e-05
7.757078856e-05
7.392093539e-05
9.048078209e-05
6.250943989e-05
9.214133024e-05
1.009106636e-04
6.562098861e-05
7.338169962e-05
9.441096336e-05
9.573157877e-05
8.790101856e-05
9.317044169e-05
9.346101433e-05
9.522121400e-05

[second_drift]
7.283035666e-05
7.343105972e-05
6.643962115e-05
8.015148342e-05
8.542090654e-05
8.435081691e-05
7.081031799e-05
7.529091090e-05
5.852151662e-05
7.260125130e-05
8.825119585e-05
6.680097431e-05
8.778087795e-05
7.318053395e-05
8.950103074e-05
8.111074567e-05
7.538124919e-05
6.791111082e-05
7.891096175e-05
6.371084601e-05
8.526071906e-05
6.416998804e-05
8.576177061e-05
7.363129407e-05
8.325092494e-05
8.996110409e-05
8.543115109e-05
8.102133870e-05
8.372124285e-05
6.594136357e-05
9.049009532e-05
6.804056466e-05
7.841084152e-05
8.782185614e-05
6.964057684e-05
9.998120368e-05
7.293093950e-05
9.556114674e-05
7.888115942e-05
6.881076843e-05
8.869078010e-05
9.223166853e-05
6.898120046e-05
7.051043212e-05
8.548144251e-05
8.462090045e-05
8.815061301e-05
8.635129780e-05
9.069126099e-05
9.093061090e-05

