[config]
variant=v0-naive
n_particles=50000
n_steps=50
dt=1.000000000e-04
eps=5.000000000e-02
G=1.000000000e+00
mass=1.000000000e+00
max_relative_energy_drift=3.699527893e-07
energy_tolerance=1.000000000e-03

[one-time]
reading_time=2.729000000e-03
writing_time=0.000000000e+00
initial_energy_time=1.279134000e+00

[total_step]
4.271719000e+00
4.248504000e+00
4.674464000e+00
4.275108000e+00
4.228505000e+00
4.360316000e+00
4.292627000e+00
4.682007000e+00
4.454105000e+00
4.274584000e+00
4.206279000e+00
4.226191000e+00
4.324906000e+00
4.213108000e+00
4.314141000e+00
4.196630000e+00
4.220934000e+00
4.554495000e+00
4.401435000e+00
4.270670000e+00
4.289142000e+00
4.299477000e+00
4.258864000e+00
4.473668000e+00
4.299497000e+00
4.295498000e+00
4.257753000e+00
4.224121000e+00
4.295567000e+00
4.206153000e+00
4.221188000e+00
4.220096000e+00
4.231674000e+00
4.223852000e+00
4.220973000e+00
4.205626000e+00
4.235612000e+00
4.463341000e+00
4.690220000e+00
4.203382000e+00
4.325433000e+00
4.227470000e+00
4.342291000e+00
4.333833000e+00
4.513867000e+00
4.280071000e+00
4.232734000e+00
4.964200000e+00
4.389880000e+00
4.246512000e+00

[first_drift]
7.400003960e-05
3.799999831e-05
3.699999070e-05
3.699999070e-05
3.699999070e-05
3.700004891e-05
3.699999070e-05
3.699999070e-05
4.399998579e-05
4.200002877e-05
4.399998579e-05
3.699999070e-05
3.699999070e-05
3.799999831e-05
3.699999070e-05
3.799999831e-05
3.699999070e-05
3.699999070e-05
3.799999831e-05
3.699999070e-05
6.200000644e-05
3.699999070e-05
3.699999070e-05
3.699999070e-05
3.799999831e-05
3.699999070e-05
3.700004891e-05
3.799999831e-05
9.299995145e-05
3.699999070e-05
1.059999922e-04
3.699999070e-05
3.699999070e-05
3.799999831e-05
3.699999070e-05
8.600001456e-05
3.799999831e-05
3.699999070e-05
3.700004891e-05
3.699999070e-05
4.199997056e-05
3.699999070e-05
3.799999831e-05
3.699999070e-05
3.799999831e-05
3.799999831e-05
3.699999070e-05
3.799999831e-05
3.700004891e-05
3.699999070e-05

[force]
4.270985000e+00
4.248259000e+00
4.673867000e+00
4.274907000e+00
4.228262000e+00
4.359906000e+00
4.292415000e+00
4.681361000e+00
4.451861000e+00
4.274370000e+00
4.206113000e+00
4.226039000e+00
4.324607000e+00
4.212911000e+00
4.313966000e+00
4.196412000e+00
4.220615000e+00
4.553950000e+00
4.400841000e+00
4.270506000e+00
4.288971000e+00
4.299291000e+00
4.258570000e+00
4.473446000e+00
4.299171000e+00
4.295317000e+00
4.257609000e+00
4.223829000e+00
4.295371000e+00
4.205986000e+00
4.220900000e+00
4.219911000e+00
4.231467000e+00
4.223719000e+00
4.220764000e+00
4.205363000e+00
4.235412000e+00
4.462791000e+00
4.689584000e+00
4.203242000e+00
4.325290000e+00
4.227314000e+00
4.341747000e+00
4.333619000e+00
4.513199000e+00
4.279927000e+00
4.232567000e+00
4.963688000e+00
4.389661000e+00
4.246323000e+00

[kick]
6.070000236e-04
1.399999601e-04
5.210000090e-04
1.080000075e-04
1.400000183e-04
3.240000224e-04
1.059999922e-04
5.680000177e-04
2.124999999e-03
1.059999922e-04
7.399998140e-05
5.699996836e-05
1.950000296e-04
1.119999797e-04
7.300003199e-05
1.400000183e-04
2.090000198e-04
4.469999694e-04
5.009999732e-04
7.499998901e-05
5.799997598e-05
8.199998410e-05
1.880000345e-04
1.140000531e-04
2.289999975e-04
1.059999922e-04
5.999999121e-05
1.530000009e-04
5.400000373e-05
7.499998901e-05
1.169999596e-04
1.069999998e-04
1.120000379e-04
5.400000373e-05
1.160000102e-04
1.080000075e-04
1.069999998e-04
4.609999596e-04
5.409999867e-04
5.500001134e-05
5.100003909e-05
5.899998359e-05
4.380000173e-04
5.899998359e-05
5.639999872e-04
5.400000373e-05
7.400003960e-05
4.210000043e-04
1.179999672e-04
9.200000204e-05

[second_drift]
5.299999611e-05
6.700004451e-05
3.900000593e-05
5.600001896e-05
6.599997869e-05
4.899996566e-05
6.900000153e-05
4.100002116e-05
7.499998901e-05
6.500002928e-05
4.800001625e-05
5.700002657e-05
6.699998630e-05
4.700000864e-05
6.499997107e-05
3.900000593e-05
7.199996617e-05
6.099999882e-05
5.500001134e-05
5.199998850e-05
5.100003909e-05
6.699998630e-05
6.900000153e-05
7.099995855e-05
5.899998359e-05
3.799999831e-05
4.700000864e-05
1.010000124e-04
4.900002386e-05
4.700000864e-05
6.400002167e-05
4.000001354e-05
5.799997598e-05
4.100002116e-05
5.600001896e-05
6.900000153e-05
5.400000373e-05
5.199998850e-05
5.700002657e-05
4.800001625e-05
4.999997327e-05
5.999999121e-05
6.699998630e-05
1.179999672e-04
6.599997869e-05
5.200004671e-05
5.599996075e-05
5.299999611e-05
6.400002167e-05
5.899998359e-05

