[config]
variant=v0-naive
n_particles=50000
n_steps=50
dt=1.000000000e-04
eps=5.000000000e-02
G=1.000000000e+00
mass=1.000000000e+00
max_relative_energy_drift=3.699530701e-07
energy_tolerance=1.000000000e-03

[one-time]
reading_time=1.495679840e-03
writing_time=0.000000000e+00
initial_energy_time=4.160474368e+00

[total_step]
1.972291184e+00
1.970919965e+00
1.970227631e+00
1.968484410e+00
1.969321045e+00
1.968837881e+00
1.967923527e+00
1.967078071e+00
1.966827300e+00
1.969571667e+00
1.969468276e+00
2.192527102e+00
1.968430310e+00
1.967301083e+00
1.968421910e+00
1.966907010e+00
1.967630155e+00
1.965359210e+00
1.964040093e+00
1.966847830e+00
1.963593120e+00
1.963506308e+00
1.965634443e+00
1.964666615e+00
1.968792522e+00
1.968682221e+00
1.966822630e+00
1.965596792e+00
1.963641671e+00
1.964148573e+00
1.967453863e+00
1.965890574e+00
1.967531295e+00
1.968436420e+00
1.967567055e+00
1.968335829e+00
1.968186598e+00
1.965780574e+00
1.963308678e+00
1.963035936e+00
1.965774833e+00
1.967287483e+00
1.969529517e+00
1.965629763e+00
2.173887948e+00
1.975268982e+00
1.963659581e+00
1.964979067e+00
1.966687049e+00
1.967858546e+00

[first_drift]
6.727129221e-05
4.478078336e-05
4.456005991e-05
4.473980516e-05
4.499033093e-05
4.504993558e-05
4.481058568e-05
4.479940981e-05
4.480034113e-05
4.503969103e-05
4.445016384e-05
4.480034113e-05
4.468951374e-05
4.489999264e-05
4.476029426e-05
4.476960748e-05
4.478916526e-05
4.527997226e-05
4.470162094e-05
4.475004971e-05
4.475098103e-05
4.452001303e-05
4.449021071e-05
4.496984184e-05
6.345100701e-05
4.499964416e-05
4.471093416e-05
4.511140287e-05
4.452001303e-05
4.444923252e-05
4.502106458e-05
4.477985203e-05
4.997011274e-05
4.476029426e-05
4.451069981e-05
4.449021071e-05
4.470162094e-05
4.451069981e-05
4.458986223e-05
4.480965436e-05
4.489161074e-05
4.494190216e-05
4.471000284e-05
4.457961768e-05
4.447996616e-05
4.498008639e-05
4.447996616e-05
4.479009658e-05
4.508160055e-05
4.475004971e-05

[force]
1.972110892e+00
1.970766163e+00
1.970072570e+00
1.968321389e+00
1.969161544e+00
1.968678742e+00
1.967769385e+00
1.966909930e+00
1.966659429e+00
1.969413196e+00
1.969305845e+00
2.192372992e+00
1.968262408e+00
1.967138452e+00
1.968266339e+00
1.966752659e+00
1.967466804e+00
1.965172521e+00
1.963870141e+00
1.966689970e+00
1.963417037e+00
1.963352899e+00
1.965479442e+00
1.964470956e+00
1.968599760e+00
1.968519431e+00
1.966665689e+00
1.965440460e+00
1.963486960e+00
1.963987872e+00
1.967286792e+00
1.965725003e+00
1.967371503e+00
1.968266059e+00
1.967412323e+00
1.968181398e+00
1.968022836e+00
1.965622173e+00
1.963144357e+00
1.962877615e+00
1.965617492e+00
1.967133041e+00
1.969375596e+00
1.965475891e+00
2.173715647e+00
1.975105291e+00
1.963505719e+00
1.964814388e+00
1.966530688e+00
1.967701965e+00

[kick]
6.402097642e-05
6.418116391e-05
6.564054638e-05
6.627012044e-05
6.974022835e-05
6.560049951e-05
6.502028555e-05
6.444100291e-05
6.346032023e-05
6.928015500e-05
7.309950888e-05
6.480049342e-05
6.862170994e-05
7.271021605e-05
6.595999002e-05
6.511155516e-05
7.360056043e-05
7.617939264e-05
6.456114352e-05
6.780959666e-05
7.337145507e-05
6.432924420e-05
6.566103548e-05
8.621066809e-05
7.115025073e-05
6.558001041e-05
6.742030382e-05
6.667152047e-05
6.562005728e-05
7.118098438e-05
7.702037692e-05
7.250998169e-05
6.478093565e-05
8.050072938e-05
6.561074406e-05
6.520096213e-05
6.713066250e-05
6.901938468e-05
7.505994290e-05
6.847083569e-05
6.791017950e-05
6.520096213e-05
6.448011845e-05
6.455183029e-05
7.667113096e-05
6.678141654e-05
6.447080523e-05
7.552932948e-05
6.604939699e-05
6.662961096e-05

[second_drift]
4.890002310e-05
4.464015365e-05
4.480034113e-05
5.193147808e-05
4.470068961e-05
4.830025136e-05
4.424061626e-05
5.885027349e-05
5.955155939e-05
4.409160465e-05
4.481151700e-05
4.443060607e-05
5.452986807e-05
4.496052861e-05
4.479102790e-05
4.441011697e-05
4.486087710e-05
6.517022848e-05
6.046984345e-05
4.523992538e-05
5.790963769e-05
4.445016384e-05
4.477985203e-05
6.442051381e-05
5.810055882e-05
5.216058344e-05
4.475004971e-05
4.449021071e-05
4.451069981e-05
4.502013326e-05
4.497077316e-05
4.823133349e-05
4.495959729e-05
4.500057548e-05
4.450976849e-05
4.467088729e-05
5.185976624e-05
4.482176155e-05
4.461128265e-05
4.495028406e-05
4.442967474e-05
4.423968494e-05
4.464015365e-05
4.460942000e-05
5.107000470e-05
5.183927715e-05
4.485994577e-05
4.423037171e-05
4.514120519e-05
4.513002932e-05

