[config]
variant=aos-vs-soa/aos
n_particles=50000
n_steps=50
dt=1.000000000e-04
eps=5.000000000e-02
G=1.000000000e+00
mass=1.000000000e+00
max_relative_energy_drift=3.699530700e-07
energy_tolerance=1.000000000e-03

[one-time]
reading_time=1.890505664e-03
writing_time=0.000000000e+00
initial_energy_time=4.075640702e+00

[total_step]
8.603734303e+00
8.602162982e+00
8.602582856e+00
8.615225253e+00
8.612550252e+00
8.615253283e+00
8.613977133e+00
8.612833084e+00
8.614730808e+00
8.613725982e+00
8.613488791e+00
8.614842179e+00
8.615179704e+00
8.613234068e+00
8.613206455e+00
8.613449240e+00
8.613566210e+00
8.612983054e+00
8.615109422e+00
8.611617606e+00
8.615613054e+00
8.613499490e+00
8.612760304e+00
8.614486517e+00
8.613984212e+00
8.611344754e+00
8.614477567e+00
8.616199680e+00
8.611420142e+00
8.613096207e+00
8.610468716e+00
8.615070952e+00
8.609981311e+00
8.617768343e+00
8.612584412e+00
8.615789098e+00
8.611960158e+00
8.611175171e+00
8.613340849e+00
8.612083797e+00
8.612222470e+00
8.617057926e+00
8.616625004e+00
8.611085640e+00
8.612526152e+00
8.611503254e+00
8.615646057e+00
8.613350258e+00
8.616104730e+00
8.612233350e+00

[first_drift]
9.609106928e-05
3.822147846e-05
4.133023322e-05
4.148017615e-05
4.140008241e-05
3.558024764e-05
4.153978080e-05
4.177074879e-05
4.155933857e-05
3.559049219e-05
3.561936319e-05
3.814976662e-05
3.927014768e-05
4.162080586e-05
3.563985229e-05
3.586057574e-05
3.562029451e-05
4.084967077e-05
3.578141332e-05
4.160124809e-05
3.891065717e-05
3.565102816e-05
4.941970110e-05
4.140939564e-05
4.144106060e-05
4.137028009e-05
4.146993160e-05
3.780983388e-05
3.863964230e-05
4.140101373e-05
4.179030657e-05
4.196073860e-05
4.190020263e-05
4.125013947e-05
3.925058991e-05
4.182104021e-05
3.559980541e-05
4.134979099e-05
4.174001515e-05
4.153978080e-05
4.012044519e-05
4.145037383e-05
3.557093441e-05
4.153978080e-05
3.580097109e-05
4.137028009e-05
4.828162491e-05
4.165060818e-05
4.567019641e-05
4.169065505e-05

[force]
8.603567223e+00
8.602047731e+00
8.602470075e+00
8.615112632e+00
8.612438601e+00
8.615141512e+00
8.613859073e+00
8.612715043e+00
8.614617649e+00
8.613620230e+00
8.613382620e+00
8.614733379e+00
8.615069612e+00
8.613122267e+00
8.613099926e+00
8.613342568e+00
8.613459799e+00
8.612871435e+00
8.615003071e+00
8.611505385e+00
8.615503754e+00
8.613389618e+00
8.612635325e+00
8.614367068e+00
8.613869712e+00
8.611227952e+00
8.614351626e+00
8.616091300e+00
8.611303893e+00
8.612981174e+00
8.610350406e+00
8.614952340e+00
8.609865532e+00
8.617648702e+00
8.612471522e+00
8.615677126e+00
8.611850457e+00
8.611057011e+00
8.613227138e+00
8.611971889e+00
8.612107289e+00
8.616945206e+00
8.616517032e+00
8.610973331e+00
8.612415750e+00
8.611386864e+00
8.615526265e+00
8.613232356e+00
8.615981459e+00
8.612120409e+00

[kick]
3.466010094e-05
3.537070006e-05
3.468990326e-05
3.487989306e-05
3.428943455e-05
3.467034549e-05
3.467965871e-05
3.490038216e-05
3.536976874e-05
3.435090184e-05
3.448966891e-05
3.465916961e-05
3.456138074e-05
3.420002759e-05
3.466941416e-05
3.470014781e-05
3.471039236e-05
3.474950790e-05
3.444030881e-05
3.451947123e-05
3.426056355e-05
3.483146429e-05
3.435928375e-05
3.587920219e-05
3.432016820e-05
3.451015800e-05
3.454089165e-05
3.467965871e-05
3.584008664e-05
3.434158862e-05
3.475043923e-05
3.503169864e-05
3.421027213e-05
3.462936729e-05
3.482960165e-05
3.414042294e-05
3.437977284e-05
3.467034549e-05
3.427919000e-05
3.447942436e-05
3.470014781e-05
3.502983600e-05
3.482028842e-05
3.467034549e-05
3.459118307e-05
3.488920629e-05
3.459025174e-05
3.472063690e-05
3.579072654e-05
3.513041884e-05

[second_drift]
3.604125232e-05
4.150997847e-05
3.655161709e-05
3.602076322e-05
3.577116877e-05
4.125013947e-05
4.159007221e-05
4.092976451e-05
3.597978503e-05
3.574043512e-05
3.581959754e-05
3.575067967e-05
3.593042493e-05
3.575067967e-05
3.596022725e-05
3.586057574e-05
3.584008664e-05
3.580003977e-05
3.584008664e-05
3.586150706e-05
3.589969128e-05
3.915000707e-05
4.095025361e-05
4.188064486e-05
3.847107291e-05
4.063080996e-05
4.968978465e-05
3.566127270e-05
4.150997847e-05
3.897957504e-05
4.152953625e-05
4.136934876e-05
3.944057971e-05
4.348065704e-05
3.858003765e-05
3.578048199e-05
3.948155791e-05
4.172977060e-05
3.741122782e-05
3.565009683e-05
4.008971155e-05
3.600027412e-05
3.727991134e-05
3.577955067e-05
3.977958113e-05
3.990065306e-05
3.669038415e-05
4.128087312e-05
4.157051444e-05
3.585033119e-05

