[config]
variant=aos-vs-soa/aos
n_particles=50000
n_steps=50
dt=1.000000000e-04
eps=5.000000000e-02
G=1.000000000e+00
mass=1.000000000e+00
max_relative_energy_drift=3.699530700e-07
energy_tolerance=1.000000000e-03

[one-time]
reading_time=1.895365305e-03
writing_time=0.000000000e+00
initial_energy_time=4.089745901e+00

[total_step]
8.598023022e+00
8.602037551e+00
8.599008838e+00
8.602100071e+00
8.604459730e+00
8.606649887e+00
8.607370683e+00
8.606509725e+00
8.603169051e+00
8.606397575e+00
8.607409753e+00
8.604432360e+00
8.605057765e+00
8.606500154e+00
8.605770419e+00
8.604323668e+00
8.604847383e+00
8.607624994e+00
8.605134466e+00
8.607769915e+00
8.603317001e+00
8.607894047e+00
8.606048792e+00
8.604004967e+00
8.603897986e+00
8.607890166e+00
8.604141857e+00
8.608057429e+00
8.606230593e+00
8.606777788e+00
8.605654188e+00
8.601826610e+00
8.607819935e+00
8.604898803e+00
8.607911267e+00
8.606027141e+00
8.606335405e+00
8.604309089e+00
8.603979459e+00
8.606234900e+00
8.606798364e+00
8.608867328e+00
8.606266219e+00
8.607942817e+00
8.602773601e+00
8.604191336e+00
8.603753110e+00
8.609368523e+00
8.605181336e+00
8.609741486e+00

[first_drift]
9.286031127e-05
4.164967686e-05
4.150997847e-05
3.980100155e-05
4.134047776e-05
4.141032696e-05
4.144012928e-05
4.138052464e-05
3.559049219e-05
4.155095667e-05
4.144012928e-05
4.175025970e-05
4.122033715e-05
4.218984395e-05
4.179961979e-05
4.132091999e-05
4.137959331e-05
4.153046757e-05
4.151090980e-05
4.157051444e-05
4.536099732e-05
4.141125828e-05
4.161056131e-05
4.064012319e-05
4.149973392e-05
4.114955664e-05
4.124082625e-05
4.133116454e-05
3.561004996e-05
3.625918180e-05
4.145037383e-05
4.163011909e-05
4.145968705e-05
4.136096686e-05
4.145037383e-05
4.122965038e-05
3.964174539e-05
4.141032696e-05
3.557000309e-05
4.154071212e-05
4.122126848e-05
3.744941205e-05
4.136096686e-05
3.718025982e-05
4.159938544e-05
4.130974412e-05
3.685988486e-05
4.150997847e-05
4.139076918e-05
4.155933857e-05

[force]
8.597854570e+00
8.601919511e+00
8.598896398e+00
8.601985701e+00
8.604339339e+00
8.606533746e+00
8.607247281e+00
8.606397725e+00
8.603057850e+00
8.606280284e+00
8.607295732e+00
8.604314930e+00
8.604938013e+00
8.606383795e+00
8.605652119e+00
8.604206688e+00
8.604735702e+00
8.607508644e+00
8.605016585e+00
8.607651224e+00
8.603195310e+00
8.607776785e+00
8.605936602e+00
8.603888037e+00
8.603779365e+00
8.607768326e+00
8.604023376e+00
8.607945827e+00
8.606123633e+00
8.606664968e+00
8.605537647e+00
8.601706749e+00
8.607701285e+00
8.604785073e+00
8.607793766e+00
8.605915222e+00
8.606219202e+00
8.604191828e+00
8.603863768e+00
8.606118087e+00
8.606682503e+00
8.608754747e+00
8.606154217e+00
8.607830946e+00
8.602655460e+00
8.604079564e+00
8.603641410e+00
8.609252051e+00
8.605069175e+00
8.609624416e+00

[kick]
3.436952829e-05
3.451947123e-05
3.478955477e-05
3.455951810e-05
3.476068377e-05
3.452040255e-05
3.484170884e-05
3.463961184e-05
3.458000720e-05
3.468990326e-05
3.479048610e-05
3.466941416e-05
3.431085497e-05
3.536976874e-05
3.468990326e-05
3.439001739e-05
3.440026194e-05
3.449060023e-05
3.475975245e-05
3.536045551e-05
3.486033529e-05
3.453996032e-05
3.460980952e-05
3.450084478e-05
3.533996642e-05
3.509037197e-05
3.563053906e-05
3.422051668e-05
3.513973206e-05
3.487989306e-05
3.453157842e-05
3.655161709e-05
3.516022116e-05
3.443937749e-05
3.452040255e-05
3.453996032e-05
3.500096500e-05
3.446172923e-05
3.473088145e-05
3.451108932e-05
3.872066736e-05
3.458932042e-05
3.445986658e-05
3.512948751e-05
3.491062671e-05
3.440119326e-05
3.494042903e-05
3.438070416e-05
3.433972597e-05
3.481097519e-05

[second_drift]
4.084128886e-05
4.153978080e-05
3.589037806e-05
3.982987255e-05
4.412047565e-05
3.994069993e-05
4.683993757e-05
3.571994603e-05
4.082918167e-05
4.077050835e-05
3.741960973e-05
4.077050835e-05
4.405062646e-05
3.857072443e-05
4.152022302e-05
4.104059190e-05
3.564078361e-05
4.005990922e-05
4.136096686e-05
4.152953625e-05
4.123989493e-05
4.113093019e-05
3.573019058e-05
4.155002534e-05
4.154071212e-05
4.544015974e-05
4.136096686e-05
3.583077341e-05
3.598164767e-05
4.146061838e-05
4.031974822e-05
4.142988473e-05
4.176981747e-05
3.754999489e-05
4.126038402e-05
3.584008664e-05
4.133023322e-05
4.123989493e-05
4.521012306e-05
4.053022712e-05
3.568083048e-05
4.027038813e-05
3.593042493e-05
3.937073052e-05
4.137028009e-05
3.575999290e-05
3.968086094e-05
4.027038813e-05
3.619119525e-05
4.041939974e-05

