[config]
variant=aos-vs-soa/aos
n_particles=50000
n_steps=50
dt=1.000000000e-04
eps=5.000000000e-02
G=1.000000000e+00
mass=1.000000000e+00
max_relative_energy_drift=3.699530700e-07
energy_tolerance=1.000000000e-03

[one-time]
reading_time=2.053814940e-03
writing_time=0.000000000e+00
initial_energy_time=4.075194072e+00

[total_step]
8.604815643e+00
8.614057221e+00
8.613699038e+00
8.612975951e+00
8.614846376e+00
8.612535448e+00
8.615770742e+00
8.612835770e+00
8.614506163e+00
8.615056807e+00
8.613076523e+00
8.613522976e+00
8.613333254e+00
8.613726788e+00
8.613462365e+00
8.610281073e+00
8.614582514e+00
8.616419277e+00
8.613009121e+00
8.612726820e+00
8.613477605e+00
8.614314022e+00
8.612559729e+00
8.614674394e+00
8.617060162e+00
8.616194606e+00
8.612969994e+00
8.611862874e+00
8.615493170e+00
8.612218377e+00
8.614229591e+00
8.614829265e+00
8.615821653e+00
8.612786080e+00
8.611906964e+00
8.615993044e+00
8.614086570e+00
8.614425882e+00
8.615213998e+00
8.614442973e+00
8.611883274e+00
8.614236221e+00
8.613861058e+00
8.613093163e+00
8.613658257e+00
8.612780121e+00
8.614971417e+00
8.615030347e+00
8.614903536e+00
8.613595037e+00

[first_drift]
9.402167052e-05
4.490092397e-05
4.177074879e-05
4.178006202e-05
4.146993160e-05
4.172977060e-05
4.138052464e-05
4.153978080e-05
4.137028009e-05
4.146061838e-05
4.137028009e-05
3.569107503e-05
4.136003554e-05
4.205107689e-05
4.164967686e-05
4.144106060e-05
4.133954644e-05
3.561004996e-05
3.559980541e-05
4.142057151e-05
3.565009683e-05
3.567989916e-05
3.561004996e-05
4.133023322e-05
4.176050425e-05
3.601051867e-05
4.143081605e-05
3.562029451e-05
3.582984209e-05
4.139076918e-05
3.581028432e-05
4.134979099e-05
4.171114415e-05
3.576930612e-05
3.552995622e-05
4.175957292e-05
4.142988473e-05
4.138052464e-05
4.150997847e-05
4.161056131e-05
4.633981735e-05
4.126969725e-05
4.152115434e-05
4.171114415e-05
4.678964615e-05
4.155933857e-05
4.136096686e-05
3.557931632e-05
4.153978080e-05
4.134047776e-05

[force]
8.604648412e+00
8.613934758e+00
8.613584707e+00
8.612860702e+00
8.614727915e+00
8.612418548e+00
8.615654851e+00
8.612717241e+00
8.614392322e+00
8.614940346e+00
8.612964542e+00
8.613412085e+00
8.613216614e+00
8.613609137e+00
8.613343755e+00
8.610166952e+00
8.614470373e+00
8.616313056e+00
8.612899252e+00
8.612614970e+00
8.613371165e+00
8.614207672e+00
8.612451899e+00
8.614557544e+00
8.616946891e+00
8.616081284e+00
8.612858001e+00
8.611756773e+00
8.615367999e+00
8.612106076e+00
8.614118740e+00
8.614713015e+00
8.615709442e+00
8.612679729e+00
8.611793294e+00
8.615873853e+00
8.613968999e+00
8.614312002e+00
8.615095608e+00
8.614328831e+00
8.611762883e+00
8.614117071e+00
8.613746187e+00
8.612972832e+00
8.613537816e+00
8.612667680e+00
8.614859675e+00
8.614918047e+00
8.614785965e+00
8.613475786e+00

[kick]
3.442913294e-05
3.453996032e-05
3.464054316e-05
3.472995013e-05
3.524962813e-05
3.470014781e-05
3.460049629e-05
3.514997661e-05
3.444124013e-05
3.505032510e-05
3.460049629e-05
3.475975245e-05
3.462936729e-05
3.468059003e-05
3.530085087e-05
3.462005407e-05
3.475975245e-05
3.458093852e-05
3.456976265e-05
3.459025174e-05
3.463029861e-05
3.470946103e-05
3.482960165e-05
3.463029861e-05
3.538001329e-05
3.542006016e-05
3.470946103e-05
3.436952829e-05
3.470014781e-05
3.498047590e-05
3.462098539e-05
3.452040255e-05
3.448966891e-05
3.457069397e-05
3.651063889e-05
3.552995622e-05
3.470946103e-05
3.455020487e-05
3.521982580e-05
3.553088754e-05
3.465078771e-05
3.623962402e-05
3.461074084e-05
3.996957093e-05
3.438070416e-05
3.476068377e-05
3.458000720e-05
3.496930003e-05
3.456138074e-05
3.609992564e-05

[second_drift]
3.848038614e-05
4.278030246e-05
3.749039024e-05
3.855954856e-05
4.144106060e-05
4.020985216e-05
3.971997648e-05
4.153046757e-05
3.775022924e-05
3.966968507e-05
3.579072654e-05
4.011113197e-05
4.034023732e-05
4.060007632e-05
4.142988473e-05
3.776978701e-05
3.569107503e-05
3.569945693e-05
3.944989294e-05
3.561004996e-05
3.577955067e-05
3.573019058e-05
3.700051457e-05
4.066992551e-05
3.585033119e-05
4.160031676e-05
3.567151725e-05
3.586150706e-05
5.440134555e-05
3.569107503e-05
4.019029438e-05
4.004966468e-05
3.577023745e-05
3.577023745e-05
4.140101373e-05
4.160124809e-05
4.125107080e-05
3.775022924e-05
4.142150283e-05
3.674998879e-05
3.906991333e-05
4.140008241e-05
3.851018846e-05
3.838073462e-05
3.902986646e-05
3.574043512e-05
3.556162119e-05
4.153139889e-05
4.123989493e-05
4.158075899e-05

