[config]
variant=rsqrt
n_particles=50000
n_steps=50
dt=1.000000000e-04
eps=5.000000000e-02
G=1.000000000e+00
mass=1.000000000e+00
max_relative_energy_drift=0.000000000e+00
energy_tolerance=1.000000000e-03

[one-time]
reading_time=1.399874978e-03
writing_time=0.000000000e+00
initial_energy_time=4.033289371e+00
total_run_time=5.853837505e+01

[total_step]
1.010297076e+00
1.009457597e+00
1.009477608e+00
1.009412706e+00
1.009399087e+00
1.009295456e+00
1.010093914e+00
1.009259265e+00
1.009569789e+00
1.009522868e+00
1.009497148e+00
1.009269795e+00
1.009528109e+00
1.009342867e+00
1.009447768e+00
1.009329696e+00
1.009445067e+00
1.009350836e+00
1.009522448e+00
1.009221206e+00
1.009405876e+00
1.009326476e+00
1.009516778e+00
1.009289635e+00
1.009473628e+00
1.009317336e+00
1.009522669e+00
1.009563488e+00
1.009528398e+00
1.010008483e+00
1.009653419e+00
1.009328656e+00
1.009468818e+00
1.009576208e+00
1.009379327e+00
1.009317306e+00
1.009451167e+00
1.009267295e+00
1.009567919e+00
1.009449967e+00
1.009643620e+00
1.009457827e+00
1.009535228e+00
1.009458938e+00
1.009460257e+00
1.009452157e+00
1.009530619e+00
1.009404217e+00
1.009518398e+00
1.009395766e+00

[first_drift]
7.134102634e-05
4.374998389e-05
4.342998727e-05
4.361997708e-05
4.369101953e-05
4.336098209e-05
4.362000618e-05
4.333999823e-05
4.390100366e-05
4.348999937e-05
4.340999294e-05
4.322000314e-05
4.322099267e-05
4.387099762e-05
4.325099871e-05
4.313999671e-05
4.367998918e-05
4.395100405e-05
4.331101081e-05
4.313999671e-05
4.392000847e-05
4.370100214e-05
4.391101538e-05
4.374998389e-05
4.385100328e-05
4.302998423e-05
4.356098361e-05
4.315000842e-05
4.306097981e-05
4.331098171e-05
4.326002090e-05
4.370100214e-05
4.325999180e-05
4.434000584e-05
4.405100481e-05
4.379998427e-05
4.333999823e-05
4.360999446e-05
4.344098852e-05
4.325999180e-05
4.315099795e-05
4.326002090e-05
4.342099419e-05
4.394102143e-05
4.320999142e-05
4.390100366e-05
4.378100857e-05
4.383997293e-05
4.369000089e-05
4.391002585e-05

[force]
1.010115124e+00
1.009305516e+00
1.009325046e+00
1.009260155e+00
1.009240205e+00
1.009142944e+00
1.009938863e+00
1.009106624e+00
1.009414897e+00
1.009369657e+00
1.009344036e+00
1.009116944e+00
1.009374526e+00
1.009190684e+00
1.009294266e+00
1.009176945e+00
1.009291296e+00
1.009190604e+00
1.009370046e+00
1.009068633e+00
1.009252855e+00
1.009173574e+00
1.009357645e+00
1.009137024e+00
1.009320175e+00
1.009159864e+00
1.009369896e+00
1.009410087e+00
1.009376816e+00
1.009856171e+00
1.009500528e+00
1.009175884e+00
1.009315796e+00
1.009422167e+00
1.009225665e+00
1.009162344e+00
1.009298746e+00
1.009114574e+00
1.009413937e+00
1.009296766e+00
1.009490618e+00
1.009305806e+00
1.009382076e+00
1.009305025e+00
1.009308326e+00
1.009299465e+00
1.009377836e+00
1.009251945e+00
1.009365847e+00
1.009236565e+00

[kick]
6.721098907e-05
6.467997446e-05
6.600099732e-05
6.554101128e-05
7.188098971e-05
6.603100337e-05
6.760100950e-05
6.601100904e-05
6.646002294e-05
6.627099356e-05
6.555102300e-05
6.612102152e-05
6.636101170e-05
6.507101352e-05
6.648999988e-05
6.625000970e-05
6.715097697e-05
6.717100041e-05
6.572098937e-05
6.609098637e-05
6.577098975e-05
6.594098522e-05
6.545099313e-05
6.533099804e-05
6.586097879e-05
7.044099038e-05
6.590099656e-05
6.654000026e-05
6.523099728e-05
6.585099618e-05
6.633100566e-05
6.491999375e-05
6.646098336e-05
6.601097994e-05
6.588001270e-05
6.703098188e-05
6.571999984e-05
6.534100976e-05
6.704000407e-05
6.680100341e-05
6.649998249e-05
6.579101318e-05
6.559098256e-05
6.643100642e-05
6.559101166e-05
6.528099766e-05
6.562101771e-05
6.530099199e-05
6.577998283e-05
7.210101467e-05

[second_drift]
4.335099948e-05
4.359101877e-05
4.308100324e-05
4.333999823e-05
4.325999180e-05
4.307000199e-05
4.377000732e-05
4.322998575e-05
4.448098480e-05
4.338999861e-05
4.410097608e-05
4.345999332e-05
4.394099233e-05
4.318100400e-05
4.370100214e-05
4.330099910e-05
4.288001219e-05
4.899999476e-05
4.332099343e-05
4.318001447e-05
4.328001523e-05
4.321002052e-05
4.968099529e-05
4.342998727e-05
4.369101953e-05
4.394000280e-05
4.325099871e-05
4.364099004e-05
4.323999747e-05
4.305102630e-05
4.325000918e-05
4.404099309e-05
4.324101610e-05
4.363001790e-05
4.368100781e-05
4.408101086e-05
4.331101081e-05
4.372099647e-05
4.345100024e-05
4.308999632e-05
4.330099910e-05
4.290998913e-05
4.402000923e-05
4.349098890e-05
4.307000199e-05
4.340999294e-05
4.332998651e-05
4.308001371e-05
4.303100286e-05
4.313999671e-05

[papi_cycles]
4316516621
4316415839
4316459297
4316278026
4316412196
4316415635
4316611251
4316363285
4316509864
4316323406
4316450101
4316363158
4316392196
4316468540
4316406044
4316368042
4316403802
4316398698
4316505464
4316463623
4316382762
4316565934
4316528041
4316498493
4316408612
4316468309
4316514437
4316481248
4316315120
4316521301
4316426632
4316363603
4316303913
4316419942
4316302711
4316132944
4316515571
4316379782
4316468432
4316441658
4316384001
4316545903
4316297978
4316438783
4316229878
4316499161
4316147482
4316512266
4316315201
4316397194

[papi_instructions]
8125089770
8125088837
8125088839
8125088840
8125088839
8125088838
8125088841
8125088838
8125088840
8125088838
8125088839
8125088838
8125088841
8125088838
8125088838
8125088840
8125088839
8125088839
8125088838
8125088839
8125088839
8125088840
8125088838
8125088839
8125088838
8125088838
8125088838
8125088842
8125088838
8125088838
8125088841
8125088839
8125088839
8125088838
8125088840
8125088839
8125088838
8125088839
8125088838
8125088841
8125088838
8125088839
8125088838
8125088840
8125088839
8125088840
8125088839
8125088841
8125088841
8125088839

[papi_l1_dcm]
117444947
117450971
117451121
117447991
117451385
117451401
117452732
117448068
117451433
117449450
117449785
117448742
117450669
117450898
117451561
117448973
117449560
117451492
117450948
117448328
117450627
117450699
117449538
117448966
117449036
117451830
117449955
117448123
117450604
117449379
117450966
117449526
117449427
117449501
117451505
117447558
117448559
117449270
117449185
117449687
117450166
117452713
117450016
117449017
117450401
117446984
117446541
117447993
117449905
117451834

[papi_l2_dcm]
1899803
1906771
1897601
1902498
1901322
1897468
1900706
1898973
1902349
1898960
1891904
1908221
1897713
1902462
1907123
1902076
1886127
1894593
1902109
1895296
1897990
1899240
1902488
1900293
1896810
1899187
1907510
1892563
1898125
1904816
1904364
1905355
1896136
1899040
1897026
1896039
1901161
1902253
1900207
1897947
1895787
1898645
1897225
1899277
1906599
1900145
1888024
1898654
1897101
1906409

