[config]
variant=rsqrt
n_particles=50000
n_steps=50
dt=1.000000000e-04
eps=5.000000000e-02
G=1.000000000e+00
mass=1.000000000e+00
max_relative_energy_drift=0.000000000e+00
energy_tolerance=1.000000000e-03

[one-time]
reading_time=1.465665991e-03
writing_time=0.000000000e+00
initial_energy_time=4.030954056e+00
total_run_time=5.850219623e+01

[total_step]
1.009217955e+00
1.009010113e+00
1.008847030e+00
1.008728739e+00
1.008609118e+00
1.009110044e+00
1.008742920e+00
1.008787490e+00
1.008753160e+00
1.008735029e+00
1.008787030e+00
1.008743310e+00
1.008740619e+00
1.008737949e+00
1.008918172e+00
1.008859181e+00
1.008849840e+00
1.008854341e+00
1.008782912e+00
1.008843230e+00
1.008806920e+00
1.008693219e+00
1.008860971e+00
1.008792780e+00
1.008815271e+00
1.008610838e+00
1.008887112e+00
1.008821550e+00
1.009155384e+00
1.008793431e+00
1.008733079e+00
1.008656709e+00
1.008771610e+00
1.008662589e+00
1.008687869e+00
1.008796310e+00
1.008522338e+00
1.008843201e+00
1.008808170e+00
1.008751050e+00
1.008735240e+00
1.008799490e+00
1.008657759e+00
1.008880321e+00
1.008636649e+00
1.008679929e+00
1.008667129e+00
1.008615088e+00
1.008625449e+00
1.008651708e+00

[first_drift]
7.044099038e-05
4.382000770e-05
4.449000699e-05
4.389000242e-05
4.385999637e-05
4.387099762e-05
4.403101048e-05
4.374998389e-05
4.424000508e-05
4.352998803e-05
4.380999599e-05
4.400999751e-05
4.358001752e-05
4.362998880e-05
4.399000318e-05
4.416998127e-05
4.367998918e-05
4.400100443e-05
4.402099876e-05
4.364998313e-05
4.375999561e-05
4.413997522e-05
4.375100252e-05
4.367000656e-05
4.371098476e-05
4.465100938e-05
4.395100405e-05
4.450100823e-05
4.376101424e-05
4.413101124e-05
4.892100696e-05
4.402099876e-05
4.375001299e-05
4.420100595e-05
4.392099800e-05
4.384099157e-05
4.399099271e-05
4.365001223e-05
4.380999599e-05
4.379099119e-05
4.356098361e-05
4.437001189e-05
4.355100100e-05
4.378001904e-05
4.390100366e-05
4.385999637e-05
4.390001413e-05
4.474999150e-05
4.362102482e-05
4.367998918e-05

[force]
1.009038483e+00
1.008856582e+00
1.008691499e+00
1.008574308e+00
1.008454277e+00
1.008955042e+00
1.008588088e+00
1.008633629e+00
1.008598479e+00
1.008582188e+00
1.008633119e+00
1.008588648e+00
1.008586638e+00
1.008583228e+00
1.008765241e+00
1.008704880e+00
1.008697149e+00
1.008693489e+00
1.008628741e+00
1.008690389e+00
1.008652799e+00
1.008538848e+00
1.008700899e+00
1.008640849e+00
1.008662269e+00
1.008457566e+00
1.008732189e+00
1.008660989e+00
1.009001902e+00
1.008638068e+00
1.008574138e+00
1.008503117e+00
1.008617699e+00
1.008506997e+00
1.008532407e+00
1.008640718e+00
1.008367826e+00
1.008689330e+00
1.008654679e+00
1.008597808e+00
1.008580488e+00
1.008645499e+00
1.008504337e+00
1.008726130e+00
1.008482976e+00
1.008525208e+00
1.008512728e+00
1.008458187e+00
1.008471626e+00
1.008497097e+00

[kick]
6.535099237e-05
6.580000627e-05
6.698098150e-05
6.619098713e-05
6.699099322e-05
6.675100303e-05
6.702000974e-05
6.608999684e-05
6.594101433e-05
6.562101771e-05
6.596001913e-05
6.627102266e-05
6.635099999e-05
6.699099322e-05
6.508000661e-05
6.609997945e-05
6.469100481e-05
7.300099242e-05
6.607000250e-05
6.520102033e-05
6.650001160e-05
6.611098070e-05
7.233000360e-05
6.461099838e-05
6.525000208e-05
6.479097647e-05
6.719099474e-05
6.578100147e-05
6.560102338e-05
6.717100041e-05
6.567101809e-05
6.588100223e-05
6.628100527e-05
6.707099965e-05
6.691101589e-05
6.802100688e-05
6.677000783e-05
6.566999946e-05
6.587099051e-05
6.558099994e-05
6.736000068e-05
6.550000398e-05
6.597998436e-05
6.597102038e-05
6.599098560e-05
6.691997987e-05
6.579997716e-05
6.707099965e-05
6.594101433e-05
6.685100379e-05

[second_drift]
4.362998880e-05
4.386098590e-05
4.401101614e-05
4.430001718e-05
4.387000808e-05
4.432999413e-05
4.373100819e-05
4.396101576e-05
4.444998922e-05
4.363097833e-05
4.409099347e-05
4.432999413e-05
4.400100443e-05
4.405001528e-05
4.381098552e-05
4.398101009e-05
4.425001680e-05
4.380100290e-05
4.402099876e-05
4.393098061e-05
4.380100290e-05
4.397000885e-05
4.394099233e-05
4.360100138e-05
4.398098099e-05
4.370001261e-05
4.372998956e-05
5.015000352e-05
4.400999751e-05
4.399102181e-05
4.424998770e-05
4.364000051e-05
4.382999032e-05
4.427001113e-05
4.456000170e-05
4.367998918e-05
4.369099042e-05
4.450100823e-05
4.375999561e-05
4.381997860e-05
4.377099685e-05
4.407099914e-05
4.384099157e-05
4.438997712e-05
4.373001866e-05
4.389102105e-05
4.465100938e-05
4.502999946e-05
4.420100595e-05
4.402000923e-05

[papi_cycles]
4314172316
4313922411
4313903125
4314137373
4313983694
4313930636
4314058585
4313722254
4313905292
4313961079
4314203159
4313746272
4313983484
4313886035
4314131517
4314149803
4314220444
4313971410
4313902277
4314192328
4314116556
4313998471
4314062252
4314245760
4314081342
4313672208
4314077502
4314065933
4313716256
4313983024
4313952956
4313994614
4314023617
4314125832
4314005408
4314162939
4313897519
4313876367
4314209526
4313998003
4314033851
4313907008
4313986974
4314036076
4313983975
4314059116
4313960661
4314004118
4313993311
4314228507

[papi_instructions]
8125089768
8125088838
8125088839
8125088837
8125088838
8125088841
8125088839
8125088837
8125088839
8125088838
8125088839
8125088838
8125088837
8125088838
8125088839
8125088839
8125088838
8125088840
8125088838
8125088838
8125088838
8125088838
8125088838
8125088837
8125088838
8125088838
8125088841
8125088839
8125088838
8125088837
8125088838
8125088838
8125088839
8125088838
8125088839
8125088840
8125088837
8125088839
8125088839
8125088838
8125088837
8125088838
8125088839
8125088840
8125088838
8125088839
8125088839
8125088838
8125088838
8125088839

[papi_l1_dcm]
117431429
117436699
117436522
117437122
117433764
117434873
117435996
117434707
117433878
117433470
117437465
117433986
117434146
117434100
117436083
117434442
117434789
117435022
117434820
117436533
117434197
117435432
117437263
117434738
117433576
117435335
117434004
117433807
117435277
117435562
117434911
117435364
117434540
117435550
117435736
117437468
117433235
117434539
117435803
117434084
117435506
117435461
117435271
117434325
117435031
117436636
117436778
117435683
117435035
117435962

[papi_l2_dcm]
1828752
1834856
1841611
1845103
1841794
1833067
1832140
1836189
1839499
1831679
1849262
1840341
1843237
1838140
1836586
1829257
1837326
1840391
1832404
1840190
1834143
1842907
1843333
1833995
1834053
1844145
1840904
1835092
1840837
1838902
1841246
1837630
1833744
1847028
1833261
1838017
1827418
1842781
1837409
1835872
1836714
1832175
1840798
1832255
1833944
1844552
1832765
1841974
1840925
1842149

