[config]
variant=rsqrt
n_particles=50000
n_steps=50
dt=1.000000000e-04
eps=5.000000000e-02
G=1.000000000e+00
mass=1.000000000e+00
max_relative_energy_drift=0.000000000e+00
energy_tolerance=1.000000000e-03

[one-time]
reading_time=1.524146996e-03
writing_time=0.000000000e+00
initial_energy_time=4.032619853e+00
total_run_time=5.853417604e+01

[total_step]
1.009450578e+00
1.008858371e+00
1.009272565e+00
1.008960762e+00
1.008871881e+00
1.008989692e+00
1.008918421e+00
1.008918351e+00
1.008910352e+00
1.009092562e+00
1.008876621e+00
1.009151914e+00
1.008912792e+00
1.008968022e+00
1.008859111e+00
1.009077604e+00
1.008764750e+00
1.009083954e+00
1.008715249e+00
1.008955472e+00
1.008759600e+00
1.009002753e+00
1.008719399e+00
1.009000943e+00
1.008789460e+00
1.009645649e+00
1.008862541e+00
1.009044623e+00
1.008677049e+00
1.008958582e+00
1.008799921e+00
1.008910241e+00
1.008800491e+00
1.008964362e+00
1.008833820e+00
1.009053623e+00
1.008815681e+00
1.008872721e+00
1.008918962e+00
1.008759750e+00
1.009004242e+00
1.008916832e+00
1.008888281e+00
1.008825161e+00
1.008846731e+00
1.008704149e+00
1.008841891e+00
1.008845331e+00
1.008869841e+00
1.009016253e+00

[first_drift]
6.945102359e-05
4.352998803e-05
4.352998803e-05
4.314098624e-05
4.362099571e-05
4.321101005e-05
4.366997746e-05
4.344101762e-05
4.283100134e-05
4.779000301e-05
4.342998727e-05
4.801098839e-05
4.352099495e-05
4.349998198e-05
4.852100392e-05
4.340099986e-05
4.287099000e-05
4.286100739e-05
4.347998765e-05
4.345100024e-05
4.298100248e-05
4.340099986e-05
4.360999446e-05
4.357000580e-05
4.404000356e-05
4.352000542e-05
4.325102782e-05
4.320099833e-05
4.348100629e-05
4.323097528e-05
4.301097943e-05
4.316002014e-05
4.345100024e-05
4.363001790e-05
4.330000957e-05
4.292099038e-05
4.307102063e-05
4.310099757e-05
4.965101834e-05
4.335999256e-05
4.297000123e-05
4.361101310e-05
4.313999671e-05
4.303100286e-05
4.354002886e-05
4.363001790e-05
4.317000275e-05
4.325999180e-05
4.343999899e-05
4.330000957e-05

[force]
1.009272856e+00
1.008706390e+00
1.009118394e+00
1.008809670e+00
1.008721689e+00
1.008837761e+00
1.008765750e+00
1.008758890e+00
1.008758200e+00
1.008928021e+00
1.008725280e+00
1.008995182e+00
1.008755580e+00
1.008816491e+00
1.008702449e+00
1.008925321e+00
1.008615008e+00
1.008931912e+00
1.008563708e+00
1.008804130e+00
1.008607058e+00
1.008850511e+00
1.008567568e+00
1.008848951e+00
1.008637009e+00
1.009493408e+00
1.008710019e+00
1.008891171e+00
1.008523827e+00
1.008804590e+00
1.008649169e+00
1.008758880e+00
1.008650308e+00
1.008810431e+00
1.008681289e+00
1.008902401e+00
1.008658779e+00
1.008721129e+00
1.008760239e+00
1.008607489e+00
1.008852051e+00
1.008763950e+00
1.008735820e+00
1.008673609e+00
1.008694069e+00
1.008551238e+00
1.008689530e+00
1.008693799e+00
1.008717530e+00
1.008864481e+00

[kick]
6.524097989e-05
6.478998694e-05
6.678097998e-05
6.478099385e-05
6.367100286e-05
6.569098332e-05
6.520099123e-05
7.215101505e-05
6.540000322e-05
7.342000026e-05
6.486100028e-05
6.569101242e-05
6.456999108e-05
6.482101162e-05
6.508099614e-05
6.543099880e-05
6.379099796e-05
6.563001079e-05
6.490101805e-05
6.466099876e-05
6.528099766e-05
6.535000284e-05
6.479100557e-05
6.551100523e-05
6.538999151e-05
6.510099047e-05
6.621098146e-05
6.620099884e-05
6.652102456e-05
6.705100532e-05
6.488000508e-05
6.480098818e-05
6.363098510e-05
6.706998101e-05
6.594101433e-05
6.517101428e-05
7.085100515e-05
6.521097384e-05
6.603100337e-05
6.563999341e-05
6.612099241e-05
6.615999155e-05
6.618097541e-05
6.502098404e-05
6.577098975e-05
6.523099728e-05
6.552998093e-05
6.523099728e-05
6.597998436e-05
6.566100637e-05

[second_drift]
4.298001295e-05
4.356101272e-05
4.373001866e-05
4.307000199e-05
4.281100701e-05
4.293001257e-05
4.370001261e-05
4.377000732e-05
4.382099723e-05
4.323100438e-05
4.295000690e-05
4.293999518e-05
4.903101944e-05
4.310000804e-05
4.297000123e-05
4.335000995e-05
4.298001295e-05
4.346098285e-05
4.304997856e-05
4.313999671e-05
4.419000470e-05
4.340099986e-05
4.332000390e-05
4.281100701e-05
4.293100210e-05
4.353001714e-05
4.296001862e-05
4.394998541e-05
4.311997327e-05
4.362099571e-05
4.277101834e-05
4.330000957e-05
4.300102592e-05
4.314101534e-05
4.323100438e-05
4.307998461e-05
4.292998347e-05
4.322000314e-05
4.299098509e-05
4.321098095e-05
4.305000766e-05
4.306100891e-05
4.309002543e-05
4.343001638e-05
4.330099910e-05
4.399000318e-05
4.355100100e-05
4.299101420e-05
4.284101306e-05
4.275998799e-05

[papi_cycles]
4314912294
4314654520
4314647000
4314792163
4314702526
4314607831
4314652668
4314644648
4314678011
4314840639
4314894423
4314748958
4314765521
4314750253
4314714398
4314866143
4314579030
4314669395
4314868269
4314574998
4314810531
4314849821
4314829341
4314737554
4314970455
4314861377
4314847241
4314677566
4314630703
4314798884
4314862422
4314801734
4314608209
4314805184
4314722104
4314792374
4314610625
4314828077
4314955881
4314652397
4315055172
4314680297
4314850651
4314594731
4314843272
4314790709
4314733565
4314783041
4314927621
4314747714

[papi_instructions]
8125089772
8125088839
8125088841
8125088840
8125088839
8125088839
8125088839
8125088839
8125088838
8125088841
8125088838
8125088840
8125088839
8125088839
8125088839
8125088842
8125088839
8125088843
8125088840
8125088841
8125088840
8125088839
8125088838
8125088840
8125088838
8125088840
8125088839
8125088842
8125088837
8125088837
8125088838
8125088839
8125088838
8125088838
8125088838
8125088841
8125088837
8125088837
8125088837
8125088839
8125088837
8125088838
8125088838
8125088840
8125088840
8125088837
8125088838
8125088839
8125088838
8125088838

[papi_l1_dcm]
117435535
117440592
117442131
117444206
117441282
117441472
117440975
117442572
117440075
117441546
117439385
117441981
117442973
117438985
117440275
117442451
117441742
117441337
117442260
117442867
117439280
117443309
117441143
117441339
117441354
117440144
117441192
117442930
117440097
117441828
117442413
117441270
117441805
117442343
117441986
117441970
117441563
117440550
117441636
117441235
117439833
117440048
117442400
117441459
117442390
117442577
117440502
117441200
117441221
117441955

[papi_l2_dcm]
1722628
1733405
1740129
1734572
1732943
1736094
1741806
1732960
1735923
1729865
1732124
1728042
1732631
1740450
1734852
1736525
1738407
1738485
1736847
1737183
1736413
1736337
1735811
1736661
1733474
1732330
1742423
1734895
1734756
1734356
1739237
1732778
1740960
1737405
1731572
1732944
1734570
1730910
1726910
1736232
1735087
1733555
1739324
1734924
1739207
1734974
1729848
1740633
1735121
1733591

