[config]
variant=rsqrt
n_particles=50000
n_steps=50
dt=1.000000000e-04
eps=5.000000000e-02
G=1.000000000e+00
mass=1.000000000e+00
max_relative_energy_drift=3.078036939e-05
energy_tolerance=1.000000000e-03

[one-time]
reading_time=1.434737998e-03
writing_time=0.000000000e+00
initial_energy_time=4.047656891e+00
total_run_time=9.887397425e+01

[total_step]
1.801836761e+00
1.801159072e+00
1.823027687e+00
1.827759887e+00
1.827530384e+00
1.827668665e+00
1.827056308e+00
1.826963786e+00
1.826909286e+00
1.826944816e+00
1.827452113e+00
1.826948507e+00
1.826936336e+00
1.827041607e+00
1.827018067e+00
1.826910315e+00
1.826941576e+00
1.826924527e+00
1.826879216e+00
1.817237374e+00
1.800519595e+00
1.800205570e+00
1.806104924e+00
1.826892306e+00
1.826854355e+00
1.826942666e+00
1.820557976e+00
1.799817445e+00
1.799701314e+00
1.799623993e+00
1.799645872e+00
1.799629013e+00
1.799624633e+00
1.799666913e+00
1.799521731e+00
1.799700774e+00
1.815176089e+00
1.826889575e+00
1.826853985e+00
1.827015858e+00
1.826829215e+00
1.826904535e+00
1.826898206e+00
1.809484987e+00
1.800483964e+00
1.799623163e+00
1.799567802e+00
1.799594333e+00
1.799656643e+00
1.799771425e+00

[first_drift]
6.212100197e-05
4.333099787e-05
4.354100020e-05
4.418099707e-05
4.472099681e-05
4.387999797e-05
4.404100036e-05
4.415000149e-05
4.437099778e-05
4.466099927e-05
4.409100075e-05
4.436000017e-05
4.437999814e-05
4.446000094e-05
4.437100142e-05
4.438999895e-05
4.422100028e-05
4.451099812e-05
4.403099956e-05
4.399000318e-05
4.352099859e-05
4.751000233e-05
4.356000136e-05
4.447099855e-05
4.410999827e-05
4.476100003e-05
4.769099905e-05
4.339000225e-05
4.352000178e-05
4.354000339e-05
4.346099740e-05
4.357000216e-05
4.708000051e-05
4.352100223e-05
4.364000051e-05
4.342100146e-05
4.339099905e-05
4.468000043e-05
4.396100121e-05
4.435099981e-05
4.428999819e-05
4.421999984e-05
4.389099922e-05
4.433099821e-05
4.336100028e-05
4.328000068e-05
4.323999747e-05
4.341100066e-05
4.341999738e-05
4.360099774e-05

[force]
1.801658518e+00
1.800998450e+00
1.822868175e+00
1.827605515e+00
1.827380731e+00
1.827519874e+00
1.826907235e+00
1.826814465e+00
1.826760214e+00
1.826796044e+00
1.827302741e+00
1.826800765e+00
1.826784344e+00
1.826891376e+00
1.826868775e+00
1.826759664e+00
1.826790934e+00
1.826774844e+00
1.826730444e+00
1.817088453e+00
1.800371572e+00
1.800052849e+00
1.805956483e+00
1.826744214e+00
1.826697494e+00
1.826791814e+00
1.820405884e+00
1.799668854e+00
1.799550063e+00
1.799473442e+00
1.799499050e+00
1.799480812e+00
1.799472752e+00
1.799519401e+00
1.799373900e+00
1.799552012e+00
1.815028186e+00
1.826740134e+00
1.826706313e+00
1.826864555e+00
1.826679843e+00
1.826754134e+00
1.826742834e+00
1.809334855e+00
1.800332061e+00
1.799476122e+00
1.799420191e+00
1.799445940e+00
1.799493802e+00
1.799621363e+00

[kick]
7.204100257e-05
7.360100062e-05
7.162099791e-05
6.611999925e-05
6.099100210e-05
6.108000161e-05
6.098099766e-05
6.097100049e-05
6.024100003e-05
5.984100062e-05
6.126999870e-05
5.926100130e-05
6.337100058e-05
6.111100083e-05
6.093100092e-05
6.167100219e-05
6.193100126e-05
6.003100134e-05
6.043000030e-05
6.132099952e-05
6.081100219e-05
6.123999992e-05
6.084100096e-05
5.966999743e-05
6.865099931e-05
6.215100075e-05
6.083100016e-05
6.137000310e-05
6.435000250e-05
6.243999815e-05
5.967000106e-05
6.071000098e-05
6.093100092e-05
6.061099702e-05
6.069099982e-05
6.146100350e-05
6.051099990e-05
6.075099736e-05
5.941100244e-05
6.183100049e-05
6.084100096e-05
6.239099821e-05
6.675099939e-05
6.167100219e-05
6.095099889e-05
6.020000001e-05
6.083100016e-05
6.118099918e-05
6.288999793e-05
6.237100024e-05

[second_drift]
4.403099956e-05
4.364000051e-05
4.430000263e-05
4.397099838e-05
4.390100003e-05
4.378099766e-05
4.401100159e-05
4.415000149e-05
4.441000056e-05
4.416999946e-05
4.395100041e-05
4.406999869e-05
4.419099787e-05
4.460999844e-05
4.393099880e-05
4.443999933e-05
4.444099977e-05
4.496099791e-05
4.427100066e-05
4.356000136e-05
4.360099774e-05
4.391100083e-05
4.397999874e-05
4.390100003e-05
4.396999793e-05
4.378999802e-05
4.352100223e-05
4.373099728e-05
4.327099668e-05
4.437100142e-05
4.364100096e-05
4.387100125e-05
4.377000005e-05
4.333100151e-05
4.344999979e-05
4.382999759e-05
4.395100041e-05
4.395000360e-05
4.415999865e-05
4.507099948e-05
4.404099673e-05
4.374100172e-05
4.457999967e-05
4.407999950e-05
4.753100075e-05
4.342099783e-05
4.348999937e-05
4.371099931e-05
5.642100223e-05
4.397999874e-05

[papi_cycles]
7709739810
7709608379
7802737746
7822156681
7822011119
7822173162
7821977704
7822038635
7821991013
7821867331
7822005889
7821809793
7821992506
7822063335
7821916026
7821758999
7821875471
7822015696
7821908773
7750979489
7708560593
7708723194
7735208150
7821833693
7821615573
7821944864
7793635002
7708672682
7708754968
7708754246
7708579834
7708596686
7708579159
7708837378
7708526015
7708827724
7772651488
7821836730
7821762245
7821940686
7821544859
7821779079
7821738084
7744772660
7708571807
7708733013
7708751938
7708677409
7708889604
7708784507

[papi_instructions]
20627453069
20627452138
20627452163
20627452166
20627452165
20627452168
20627452163
20627452167
20627452167
20627452166
20627452165
20627452165
20627452166
20627452166
20627452167
20627452167
20627452166
20627452167
20627452163
20627452166
20627452138
20627452144
20627452146
20627452164
20627452164
20627452165
20627452066
20627452142
20627452137
20627452136
20627452139
20627452137
20627452140
20627452138
20627452136
20627452138
20627452154
20627452167
20627452165
20627452166
20627452165
20627452166
20627452166
20627452147
20627452138
20627452136
20627452138
20627452140
20627452138
20627452138

[papi_l1_dcm]
938531685
938529154
938855987
938979232
938979196
938976602
938974410
938978889
938977893
938977337
938975379
938978433
938977516
938976214
938976209
938979708
938978215
938979535
938978572
938697401
938521348
938527257
938627500
938976801
938975177
938976881
938871605
938533617
938530728
938536580
938524586
938531846
938522705
938528184
938531906
938529872
938762843
938979060
938974684
938979117
938974761
938978393
938975807
938682650
938543695
938543441
938534839
938541391
938530499
938527600

[papi_l2_dcm]
18080556
18163202
19138446
19423354
19411754
19413471
19401903
19390348
19403940
19398546
19389698
19406059
19387056
19390180
19392182
19407542
19396274
19376062
19396463
18640686
18203647
18193713
18409222
19381935
19395609
19395801
19021144
18132687
18191301
18172855
18206171
18124038
18195547
18143212
18136274
18176967
18816568
19387781
19402252
19390683
19394798
19400243
19393856
18583785
18051990
18049373
18168349
17957413
18087130
18075822

