[config]
variant=rsqrt
n_particles=50000
n_steps=50
dt=1.000000000e-04
eps=5.000000000e-02
G=1.000000000e+00
mass=1.000000000e+00
max_relative_energy_drift=3.078036939e-05
energy_tolerance=1.000000000e-03

[one-time]
reading_time=2.384322700e-02
writing_time=0.000000000e+00
initial_energy_time=4.081182826e+00
total_run_time=9.882734091e+01

[total_step]
1.822008313e+00
1.814196955e+00
1.811135008e+00
1.824236811e+00
1.815985968e+00
1.829515397e+00
1.828508824e+00
1.819134767e+00
1.810922865e+00
1.811405801e+00
1.810755763e+00
1.810752403e+00
1.810927885e+00
1.811036007e+00
1.811024887e+00
1.811028227e+00
1.811029086e+00
1.810925355e+00
1.811164568e+00
1.811061294e+00
1.811434101e+00
1.811134398e+00
1.815839956e+00
1.815630475e+00
1.810816053e+00
1.811310880e+00
1.811176158e+00
1.811030736e+00
1.810995936e+00
1.811012206e+00
1.810842924e+00
1.810917735e+00
1.810775323e+00
1.810749443e+00
1.810739372e+00
1.811041987e+00
1.810777683e+00
1.810828364e+00
1.824065950e+00
1.821802272e+00
1.810883194e+00
1.812140580e+00
1.811613134e+00
1.811016796e+00
1.811049517e+00
1.810801573e+00
1.810779103e+00
1.810706522e+00
1.810767913e+00
1.810781323e+00

[first_drift]
6.120000035e-05
4.410000111e-05
4.377999721e-05
4.423100108e-05
4.511099905e-05
4.379099846e-05
4.456000170e-05
4.450999768e-05
4.378999802e-05
4.387000081e-05
4.388100206e-05
4.375099888e-05
4.380099926e-05
4.398099918e-05
4.373100091e-05
4.386000001e-05
4.374999844e-05
4.384099884e-05
4.379099846e-05
4.390100003e-05
4.393099880e-05
4.370000170e-05
4.401000115e-05
4.383100168e-05
4.374999844e-05
4.369099770e-05
4.378099766e-05
4.387099762e-05
4.370099850e-05
4.386099681e-05
4.409000030e-05
4.371000250e-05
4.406999869e-05
4.392000119e-05
4.382000043e-05
4.383100168e-05
4.382999759e-05
4.377000005e-05
4.380999962e-05
4.460999844e-05
4.383999840e-05
4.395100041e-05
4.377100049e-05
4.397000157e-05
4.379100210e-05
4.392000119e-05
4.402999912e-05
4.420100231e-05
4.369000089e-05
4.381100007e-05

[force]
1.821819541e+00
1.814025304e+00
1.810957856e+00
1.824064488e+00
1.815813165e+00
1.829334444e+00
1.828334732e+00
1.818963295e+00
1.810751853e+00
1.811234910e+00
1.810586700e+00
1.810581241e+00
1.810758043e+00
1.810866244e+00
1.810854304e+00
1.810857974e+00
1.810859775e+00
1.810754413e+00
1.810994066e+00
1.810890701e+00
1.811262859e+00
1.810959476e+00
1.815668335e+00
1.815460892e+00
1.810645501e+00
1.811139278e+00
1.811005295e+00
1.810860744e+00
1.810827684e+00
1.810842493e+00
1.810672882e+00
1.810748933e+00
1.810606531e+00
1.810578241e+00
1.810569740e+00
1.810871464e+00
1.810607381e+00
1.810656222e+00
1.823894298e+00
1.821630590e+00
1.810712712e+00
1.811960888e+00
1.811437161e+00
1.810840575e+00
1.810874284e+00
1.810630421e+00
1.810607952e+00
1.810536020e+00
1.810599351e+00
1.810609961e+00

[kick]
8.354099919e-05
8.365100075e-05
8.935099686e-05
8.336199971e-05
8.373200035e-05
9.219100320e-05
8.447099754e-05
8.297100067e-05
8.297100067e-05
8.331099889e-05
8.138100020e-05
8.354999954e-05
8.134100062e-05
8.235099813e-05
8.293099745e-05
8.257100126e-05
8.166100088e-05
8.314099978e-05
8.255099965e-05
8.254099885e-05
8.305099982e-05
8.735099982e-05
8.382099986e-05
8.174100003e-05
8.278099995e-05
8.397000056e-05
8.328100012e-05
8.174100003e-05
8.048100062e-05
8.175099720e-05
8.188100037e-05
8.110099952e-05
8.096099918e-05
8.335100210e-05
8.196099952e-05
8.276099834e-05
8.256100045e-05
8.438100122e-05
8.288100071e-05
8.315100058e-05
8.269099999e-05
9.138099995e-05
8.831100058e-05
8.815099864e-05
8.727100067e-05
8.261100083e-05
8.260100003e-05
8.256100045e-05
8.131099821e-05
8.364099995e-05

[second_drift]
4.398100282e-05
4.379099846e-05
4.396000077e-05
4.461999924e-05
4.390999675e-05
4.492099833e-05
4.501100193e-05
4.389099922e-05
4.414099749e-05
4.365000132e-05
4.376099969e-05
4.381100007e-05
4.465000166e-05
4.338100189e-05
4.387000081e-05
4.376099969e-05
4.384999920e-05
4.391000039e-05
4.410999827e-05
4.410000111e-05
4.420099867e-05
4.377100049e-05
4.365000132e-05
4.386100045e-05
4.397099838e-05
4.389099922e-05
4.375100252e-05
4.433000140e-05
4.401999831e-05
4.405100117e-05
4.402100240e-05
4.394099960e-05
4.372100011e-05
4.388099842e-05
4.380100290e-05
4.388099842e-05
4.387100125e-05
4.394099960e-05
4.490099673e-05
4.387100125e-05
4.390100003e-05
4.432000060e-05
4.384099884e-05
4.405000072e-05
4.412099952e-05
4.452099893e-05
4.429000182e-05
4.365099812e-05
4.346100104e-05
4.380100290e-05

[papi_cycles]
7800452090
7768878754
7755645353
7812279040
7776745293
7809758447
7826272579
7790439135
7756056988
7755720222
7755465580
7755619339
7756534072
7756580648
7756629716
7756530778
7756648165
7756515986
7756653678
7756670413
7756688447
7757315424
7755724632
7774713343
7755468809
7755593397
7755584295
7755551161
7755586906
7755558161
7755474974
7755575857
7755547930
7755641667
7755549087
7755520084
7755623931
7755621668
7810163290
7800419316
7755695300
7761286365
7756672963
7756469455
7756716609
7755749092
7755593010
7755607733
7755643192
7755657883

[papi_instructions]
20627453091
20627452150
20627452150
20627452164
20627452155
20627452184
20627452169
20627452158
20627452152
20627452150
20627452149
20627452150
20627452147
20627452152
20627452149
20627452152
20627452149
20627452147
20627452152
20627452149
20627452063
20627452149
20627452158
20627452160
20627452150
20627452148
20627452150
20627452150
20627452149
20627452151
20627452149
20627452150
20627452149
20627452150
20627452148
20627452150
20627452149
20627452150
20627452162
20627452162
20627452152
20627452150
20627452149
20627452150
20627452147
20627452148
20627452150
20627452149
20627452151
20627452147

[papi_l1_dcm]
938703410
938566996
938558422
938788364
938661088
938798883
938869838
938729730
938570938
938568059
938570102
938573419
938569746
938571087
938566968
938578623
938569382
938565998
938576960
938575078
938575732
938571119
938571812
938665745
938576807
938563298
938574586
938572419
938578400
938571093
938571913
938573196
938569036
938575227
938572538
938573579
938577533
938567939
938784271
938770905
938572262
938594595
938579848
938577999
938570462
938570331
938569843
938580930
938577314
938573346

[papi_l2_dcm]
20053844
19915989
19908072
20227342
20029017
20126890
20286694
20065629
19921960
19908974
19926011
19913908
19912341
19926917
19907344
19908048
19917859
19926397
19909627
19910149
19904597
19900868
19908437
20000860
19907636
19945193
19920607
19936112
19916141
19896425
19905249
19931258
19921859
19924496
19918393
19919115
19925111
19931289
20236532
20118130
19913770
19947824
19904820
19895223
19910209
19928410
19909850
19919370
19927564
19928335

