[config]
variant=rsqrt
n_particles=50000
n_steps=50
dt=1.000000000e-04
eps=5.000000000e-02
G=1.000000000e+00
mass=1.000000000e+00
max_relative_energy_drift=3.078036939e-05
energy_tolerance=1.000000000e-03

[one-time]
reading_time=2.296818999e-03
writing_time=0.000000000e+00
initial_energy_time=4.071841865e+00
total_run_time=9.895759016e+01

[total_step]
1.809898792e+00
1.809043371e+00
1.809054802e+00
1.826429430e+00
1.837924444e+00
1.809063042e+00
1.808804028e+00
1.809012671e+00
1.809230303e+00
1.809923713e+00
1.810811014e+00
1.809178023e+00
1.808660526e+00
1.809003121e+00
1.809075442e+00
1.809663909e+00
1.810526420e+00
1.809213053e+00
1.812629766e+00
1.845517550e+00
1.848056051e+00
1.835692717e+00
1.809091302e+00
1.809028141e+00
1.809084511e+00
1.809252245e+00
1.809013211e+00
1.811025806e+00
1.809253364e+00
1.845568030e+00
1.835982240e+00
1.809480597e+00
1.810457709e+00
1.809176423e+00
1.809158203e+00
1.809229074e+00
1.809077101e+00
1.808851209e+00
1.810090035e+00
1.809205323e+00
1.834478301e+00
1.845650191e+00
1.846571723e+00
1.846418091e+00
1.817673270e+00
1.809022361e+00
1.809120643e+00
1.809151263e+00
1.809442277e+00
1.810257566e+00

[first_drift]
6.170100096e-05
4.371099931e-05
4.376099969e-05
4.374000127e-05
4.493999950e-05
4.378999802e-05
4.392999836e-05
4.368000009e-05
4.387999797e-05
4.379999882e-05
4.380999962e-05
4.767999781e-05
4.382999759e-05
4.380099926e-05
4.383999840e-05
4.381000326e-05
4.377100049e-05
4.375999924e-05
4.389999958e-05
4.437100142e-05
4.470999920e-05
4.455099770e-05
4.403000275e-05
4.377000005e-05
4.383999840e-05
4.437999814e-05
4.382099723e-05
4.371999967e-05
4.383000123e-05
4.397999874e-05
4.488100240e-05
4.396099757e-05
4.778999937e-05
4.389100286e-05
4.382100087e-05
4.443999933e-05
4.409000030e-05
4.375099888e-05
4.401100159e-05
4.397000157e-05
4.440099656e-05
4.490099673e-05
4.500000068e-05
4.512099986e-05
4.467100007e-05
4.386100045e-05
4.345099660e-05
4.398999954e-05
4.385099965e-05
4.424000144e-05

[force]
1.809730750e+00
1.808894499e+00
1.808905749e+00
1.826278658e+00
1.837773553e+00
1.808914990e+00
1.808650517e+00
1.808858909e+00
1.809081292e+00
1.809775211e+00
1.810661412e+00
1.809024911e+00
1.808511385e+00
1.808853919e+00
1.808925441e+00
1.809513508e+00
1.810372728e+00
1.809063162e+00
1.812476945e+00
1.845365347e+00
1.847903340e+00
1.835542424e+00
1.808941350e+00
1.808877429e+00
1.808933870e+00
1.809102502e+00
1.808863429e+00
1.810877424e+00
1.809102402e+00
1.845416969e+00
1.835830248e+00
1.809331464e+00
1.810304288e+00
1.809027341e+00
1.809007010e+00
1.809076122e+00
1.808921320e+00
1.808702067e+00
1.809935832e+00
1.809056502e+00
1.834325919e+00
1.845496689e+00
1.846416811e+00
1.846265439e+00
1.817517008e+00
1.808867139e+00
1.808972360e+00
1.809001601e+00
1.809292204e+00
1.810102725e+00

[kick]
6.285999916e-05
6.157100142e-05
6.122099876e-05
6.277099965e-05
6.167999891e-05
6.064099944e-05
6.150000263e-05
6.225100151e-05
6.105099965e-05
6.077999933e-05
6.186099927e-05
6.179099728e-05
6.119099999e-05
6.140000187e-05
6.148000102e-05
6.307100193e-05
6.633999874e-05
6.191099965e-05
6.381099956e-05
6.342100096e-05
6.236099944e-05
6.163100261e-05
6.224100071e-05
6.206100079e-05
6.298100197e-05
6.183100049e-05
6.166100138e-05
6.043100075e-05
6.296100037e-05
6.245099939e-05
6.279100126e-05
6.146099986e-05
6.160999692e-05
6.151100024e-05
6.288099758e-05
6.042099994e-05
6.725099956e-05
6.178100011e-05
6.136099910e-05
6.120000035e-05
6.244100223e-05
6.373100041e-05
6.521099931e-05
6.276099884e-05
6.242000018e-05
6.170000051e-05
6.110100003e-05
6.195099922e-05
6.215100075e-05
6.241100346e-05

[second_drift]
4.343100227e-05
4.353999975e-05
4.402100240e-05
4.421100311e-05
4.421099948e-05
4.356100180e-05
4.803100092e-05
4.777099821e-05
4.396100121e-05
4.386100045e-05
4.388100206e-05
4.358099977e-05
4.406999869e-05
4.395099677e-05
4.463100049e-05
4.347000140e-05
4.353099939e-05
4.417099990e-05
4.505999823e-05
4.436100062e-05
4.558000001e-05
4.405099753e-05
4.362099935e-05
4.482099757e-05
4.371999967e-05
4.342100146e-05
4.423100108e-05
4.417099990e-05
4.405100117e-05
4.457999967e-05
4.427000022e-05
4.366099893e-05
4.397100201e-05
4.362999971e-05
4.443100261e-05
4.804099808e-05
4.438999895e-05
4.356000136e-05
4.878100299e-05
4.360099774e-05
4.547999924e-05
4.482999793e-05
4.463000005e-05
4.466000246e-05
4.911100041e-05
4.961100058e-05
4.362099935e-05
4.361099855e-05
4.402099876e-05
4.814099884e-05

[papi_cycles]
7743955337
7742329045
7742448590
7810038256
7860715435
7742417524
7742252967
7742339817
7742540048
7743726550
7743239901
7743729219
7742300468
7742315937
7742357073
7742290640
7742317946
7742402082
7756631874
7897573224
7901344615
7849311829
7742367252
7742372078
7742378548
7742323430
7742275873
7742334319
7742348681
7896959667
7851881358
7742378718
7742393668
7742330886
7742362671
7742255294
7742228587
7742262415
7742353677
7743682499
7849146402
7897693228
7897451120
7898221084
7774337303
7742332229
7742338349
7742265623
7742293954
7742263453

[papi_instructions]
20627453077
20627452148
20627452149
20627452325
20627452175
20627452146
20627452146
20627452149
20627452148
20627452149
20627452148
20627452147
20627452149
20627452147
20627452148
20627452148
20627452148
20627452150
20627452151
20627452184
20627452320
20627452172
20627452149
20627452148
20627452147
20627452149
20627452145
20627452152
20627452147
20627452189
20627452173
20627452147
20627452149
20627452147
20627452148
20627452147
20627452147
20627452146
20627452148
20627452149
20627452202
20627452184
20627452185
20627452186
20627452154
20627452147
20627452149
20627452148
20627452145
20627452149

[papi_l1_dcm]
938668435
938668367
938669295
938795061
938907843
938671151
938667023
938674563
938670259
938671210
938663089
938667697
938674355
938673669
938672037
938670925
938672432
938677494
938719104
938988173
938992021
938885320
938678852
938670073
938670079
938674018
938670225
938675362
938676888
938977496
938896369
938670610
938666003
938667519
938666702
938665058
938674556
938663137
938670827
938666891
938875977
938983753
938987350
938986894
938744921
938669047
938665164
938675190
938669514
938651085

[papi_l2_dcm]
20092338
20075015
20079965
20240887
20545389
20044896
20061875
20035894
20046060
20055510
20047872
20084289
20080723
20091124
20079553
20063380
20117781
20040764
20069229
20681515
20648645
20531269
20021958
20084741
20066709
20057676
20051544
20028639
20066524
20651094
20560366
20042899
20089575
20046497
20086040
20106090
20072575
20045267
20048643
20067007
20511409
20685696
20675152
20667882
20136488
20096507
20054911
20022586
20050770
20037962

