[config]
variant=rsqrt
n_particles=50000
n_steps=50
dt=1.000000000e-04
eps=5.000000000e-02
G=1.000000000e+00
mass=1.000000000e+00
max_relative_energy_drift=0.000000000e+00
energy_tolerance=1.000000000e-03

[one-time]
reading_time=1.388384990e-03
writing_time=0.000000000e+00
initial_energy_time=4.028986845e+00
total_run_time=5.845576651e+01

[total_step]
1.008477687e+00
1.007927822e+00
1.007904531e+00
1.007818670e+00
1.007746929e+00
1.008311085e+00
1.007776190e+00
1.008041152e+00
1.007856830e+00
1.007934041e+00
1.007838060e+00
1.007944282e+00
1.007912541e+00
1.007937741e+00
1.007899270e+00
1.007936182e+00
1.007937692e+00
1.007851650e+00
1.007895662e+00
1.007966041e+00
1.007737519e+00
1.007813440e+00
1.007867380e+00
1.007903401e+00
1.007834870e+00
1.007888001e+00
1.007824550e+00
1.007959072e+00
1.008268265e+00
1.007891470e+00
1.007795280e+00
1.007816540e+00
1.007837090e+00
1.007845260e+00
1.007725669e+00
1.007807289e+00
1.007717309e+00
1.007975722e+00
1.007871750e+00
1.007908811e+00
1.007886850e+00
1.007869460e+00
1.007811250e+00
1.007928861e+00
1.007865000e+00
1.007822120e+00
1.007792950e+00
1.007711999e+00
1.007873991e+00
1.007796440e+00

[first_drift]
7.186099538e-05
4.376098514e-05
4.331101081e-05
4.357102443e-05
4.335099948e-05
4.392099800e-05
4.803101183e-05
4.376002471e-05
4.350999370e-05
4.343100591e-05
4.336098209e-05
4.316100967e-05
4.326997441e-05
4.327000352e-05
4.305000766e-05
4.363100743e-05
4.362099571e-05
4.835001891e-05
4.369998351e-05
4.347000504e-05
4.355001147e-05
4.345100024e-05
4.334998084e-05
4.344101762e-05
4.326101043e-05
4.323001485e-05
4.334101686e-05
4.314098624e-05
4.303001333e-05
4.332998651e-05
4.305000766e-05
4.307998461e-05
4.313999671e-05
4.372000694e-05
4.876998719e-05
4.300998989e-05
4.347102367e-05
4.389099195e-05
4.340999294e-05
4.341098247e-05
4.848098615e-05
4.355001147e-05
4.348999937e-05
4.379998427e-05
4.377000732e-05
4.358100705e-05
4.323100438e-05
4.870997509e-05
4.310099757e-05
4.335000995e-05

[force]
1.008298055e+00
1.007775699e+00
1.007747999e+00
1.007665468e+00
1.007594367e+00
1.008156293e+00
1.007618777e+00
1.007888431e+00
1.007704599e+00
1.007780859e+00
1.007686068e+00
1.007792090e+00
1.007758830e+00
1.007785609e+00
1.007742509e+00
1.007777459e+00
1.007785199e+00
1.007692589e+00
1.007742611e+00
1.007814560e+00
1.007584258e+00
1.007661218e+00
1.007713759e+00
1.007744649e+00
1.007681318e+00
1.007735319e+00
1.007671548e+00
1.007805850e+00
1.008115413e+00
1.007740919e+00
1.007643509e+00
1.007664049e+00
1.007685208e+00
1.007690589e+00
1.007568058e+00
1.007655968e+00
1.007564957e+00
1.007823140e+00
1.007713869e+00
1.007756739e+00
1.007729288e+00
1.007717529e+00
1.007658109e+00
1.007775860e+00
1.007712009e+00
1.007669518e+00
1.007640918e+00
1.007553507e+00
1.007722499e+00
1.007643998e+00

[kick]
6.424100138e-05
6.490098895e-05
6.995099830e-05
6.569101242e-05
6.541100447e-05
6.762100384e-05
6.589101395e-05
6.543999189e-05
6.553099956e-05
6.649101852e-05
6.513099652e-05
6.563999341e-05
6.693002069e-05
6.533099804e-05
7.058097981e-05
7.183098933e-05
6.564101204e-05
6.695001503e-05
6.623100489e-05
6.486001075e-05
6.594002480e-05
6.550998660e-05
6.639101775e-05
6.669099093e-05
6.628999836e-05
6.561100599e-05
6.587099051e-05
6.614997983e-05
6.589101395e-05
6.394099910e-05
6.553001003e-05
6.568999379e-05
6.505099009e-05
6.710999878e-05
6.511999527e-05
6.500101881e-05
6.566100637e-05
6.518998998e-05
7.050100248e-05
6.545099313e-05
6.488099461e-05
6.515000132e-05
6.617000327e-05
6.602000212e-05
6.575099542e-05
6.578100147e-05
6.540000322e-05
6.666098488e-05
6.466999184e-05
6.527101505e-05

[second_drift]
4.346997594e-05
4.340999294e-05
4.312000237e-05
4.389000242e-05
4.375001299e-05
4.320000880e-05
4.335099948e-05
4.347099457e-05
4.312998499e-05
4.320000880e-05
4.345001071e-05
4.332099343e-05
4.345100024e-05
4.344098852e-05
4.308001371e-05
4.320999142e-05
4.317099229e-05
4.364099004e-05
4.307102063e-05
4.304098547e-05
4.372099647e-05
4.316100967e-05
4.382000770e-05
4.857001477e-05
4.394099233e-05
4.379000165e-05
4.373001866e-05
4.388100933e-05
4.388100933e-05
4.321997403e-05
4.314101534e-05
4.367099609e-05
4.364000051e-05
4.379099119e-05
4.367102520e-05
4.323999747e-05
4.307998461e-05
4.344101762e-05
4.390999675e-05
4.316002014e-05
4.414099385e-05
4.318100400e-05
4.343100591e-05
4.314101534e-05
4.341002204e-05
4.317998537e-05
4.334098776e-05
4.306001938e-05
4.367099609e-05
4.375999561e-05

[papi_cycles]
4310918806
4310795738
4310832110
4310729034
4310724302
4310759137
4310687708
4310748777
4310741306
4310859103
4310732014
4310848529
4310727500
4310751276
4310747910
4310796427
4310797427
4310767080
4310659181
4310722872
4310618651
4310580297
4310767766
4310679367
4310727677
4310815178
4310722538
4310684838
4310753624
4310762652
4310714202
4310687908
4310853607
4310907807
4310613526
4310774381
4310705553
4310674822
4310823089
4310801316
4310806620
4310834645
4310774542
4310886279
4310870908
4310665551
4310792638
4310633598
4310729923
4310912714

[papi_instructions]
8125089768
8125088838
8125088838
8125088837
8125088838
8125088842
8125088838
8125088837
8125088838
8125088838
8125088839
8125088837
8125088838
8125088838
8125088840
8125088838
8125088837
8125088838
8125088839
8125088838
8125088838
8125088838
8125088838
8125088839
8125088837
8125088838
8125088839
8125088840
8125088837
8125088838
8125088839
8125088838
8125088840
8125088837
8125088838
8125088838
8125088837
8125088837
8125088838
8125088837
8125088837
8125088840
8125088839
8125088838
8125088838
8125088838
8125088838
8125088837
8125088838
8125088840

[papi_l1_dcm]
117386506
117383515
117382605
117383484
117383077
117382541
117381890
117382576
117383518
117382818
117382496
117383164
117383572
117383000
117381530
117383656
117383674
117384084
117382245
117383395
117383418
117382589
117381592
117382215
117383896
117383302
117382373
117383239
117383462
117382947
117382231
117384254
117384559
117382993
117382976
117382471
117382918
117382926
117381455
117383943
117383525
117382567
117381575
117383009
117382810
117382596
117382398
117382845
117383328
117383721

[papi_l2_dcm]
1698676
1697101
1694492
1686504
1695560
1683870
1692321
1688573
1693448
1701895
1695473
1700727
1697470
1694105
1694157
1693847
1695118
1698543
1689640
1689226
1690046
1696705
1686227
1692974
1699431
1689930
1685659
1696933
1691416
1686621
1690491
1696589
1697778
1691289
1690291
1688531
1691127
1691380
1699108
1692849
1702020
1691176
1690889
1695799
1698686
1692512
1697502
1686348
1692522
1690867

