[config]
variant=rsqrt
n_particles=50000
n_steps=50
dt=1.000000000e-04
eps=5.000000000e-02
G=1.000000000e+00
mass=1.000000000e+00
max_relative_energy_drift=0.000000000e+00
energy_tolerance=1.000000000e-03

[one-time]
reading_time=1.409565011e-03
writing_time=0.000000000e+00
initial_energy_time=4.028978685e+00
total_run_time=5.845886150e+01

[total_step]
1.008772430e+00
1.008308196e+00
1.008263124e+00
1.008592738e+00
1.008197824e+00
1.008219484e+00
1.008369726e+00
1.008256335e+00
1.008324625e+00
1.008299845e+00
1.008268105e+00
1.008239194e+00
1.008247684e+00
1.008322566e+00
1.008267146e+00
1.008207274e+00
1.008196244e+00
1.008306715e+00
1.008252554e+00
1.008254475e+00
1.008314045e+00
1.008316425e+00
1.008275665e+00
1.008344106e+00
1.008212704e+00
1.008192293e+00
1.008781440e+00
1.008257684e+00
1.008232154e+00
1.008196964e+00
1.008255755e+00
1.008102643e+00
1.008109473e+00
1.008155143e+00
1.008118013e+00
1.008265955e+00
1.008238254e+00
1.008150334e+00
1.008239204e+00
1.008249945e+00
1.008223614e+00
1.008254114e+00
1.008233395e+00
1.008244364e+00
1.008179804e+00
1.008283385e+00
1.008295576e+00
1.008318945e+00
1.008162934e+00
1.008270495e+00

[first_drift]
7.850001566e-05
4.346002243e-05
4.313999671e-05
4.363097833e-05
4.351098323e-05
4.268100020e-05
4.335099948e-05
4.342099419e-05
4.343001638e-05
4.372099647e-05
4.333999823e-05
4.377000732e-05
4.324098700e-05
4.357099533e-05
4.340099986e-05
4.374000127e-05
4.305999028e-05
4.308001371e-05
4.311001976e-05
4.309101496e-05
4.306100891e-05
4.345100024e-05
4.317099229e-05
4.416098818e-05
4.302000161e-05
4.317000275e-05
4.327000352e-05
4.330999218e-05
4.336101119e-05
4.337099381e-05
4.353001714e-05
4.371997784e-05
4.338999861e-05
4.386002547e-05
4.327000352e-05
5.059101386e-05
4.346002243e-05
4.358097794e-05
4.317000275e-05
4.314101534e-05
4.347998765e-05
4.345001071e-05
4.339098814e-05
4.347998765e-05
4.324101610e-05
4.303100286e-05
4.305099719e-05
4.338999861e-05
4.308001371e-05
4.342099419e-05

[force]
1.008584508e+00
1.008150773e+00
1.008109893e+00
1.008434866e+00
1.008039172e+00
1.008068342e+00
1.008217624e+00
1.008104973e+00
1.008171864e+00
1.008147093e+00
1.008117334e+00
1.008082513e+00
1.008094262e+00
1.008170124e+00
1.008114324e+00
1.008053873e+00
1.008044223e+00
1.008153834e+00
1.008099703e+00
1.008101483e+00
1.008162273e+00
1.008163473e+00
1.008116393e+00
1.008190883e+00
1.008060002e+00
1.008039842e+00
1.008627728e+00
1.008105393e+00
1.008074762e+00
1.008042942e+00
1.008102663e+00
1.007949462e+00
1.007957102e+00
1.008003292e+00
1.007965022e+00
1.008105603e+00
1.008085533e+00
1.007998072e+00
1.008085703e+00
1.008097012e+00
1.008070913e+00
1.008102133e+00
1.008080302e+00
1.008085343e+00
1.008027691e+00
1.008130563e+00
1.008143084e+00
1.008165773e+00
1.008009972e+00
1.008117183e+00

[kick]
6.605099770e-05
6.637099432e-05
6.705100532e-05
7.054102025e-05
7.211099728e-05
6.569101242e-05
6.579101318e-05
6.503998884e-05
6.632099394e-05
6.531999679e-05
6.446000771e-05
7.000099868e-05
6.674099131e-05
6.574101280e-05
6.577998283e-05
6.664099055e-05
6.595000741e-05
6.689000293e-05
6.590102566e-05
6.620999193e-05
6.563100033e-05
6.656101323e-05
6.672099698e-05
6.580099580e-05
6.662099622e-05
6.569101242e-05
6.766099250e-05
6.597099127e-05
7.106101839e-05
6.627099356e-05
6.592000136e-05
6.590000703e-05
6.594101433e-05
6.458099233e-05
6.657099584e-05
6.623999798e-05
6.628100527e-05
6.560000475e-05
6.653100718e-05
6.643100642e-05
6.578001194e-05
6.557098823e-05
6.644098903e-05
7.242101128e-05
6.584101357e-05
6.623100489e-05
6.615999155e-05
6.655100151e-05
6.608100375e-05
6.692099851e-05

[second_drift]
4.331101081e-05
4.753100802e-05
4.293999518e-05
4.364998313e-05
4.298001295e-05
4.270998761e-05
4.290998913e-05
4.285099567e-05
4.294997780e-05
4.360100138e-05
4.292099038e-05
4.286001786e-05
4.338999861e-05
4.307998461e-05
4.358100705e-05
4.297000123e-05
4.295099643e-05
4.286097828e-05
4.376997822e-05
4.364101915e-05
4.303001333e-05
4.288999480e-05
4.933000309e-05
4.316100967e-05
4.300998989e-05
4.354098928e-05
4.273100058e-05
4.295000690e-05
4.290998913e-05
4.432001151e-05
4.352102405e-05
4.345100024e-05
4.298001295e-05
4.335999256e-05
4.310000804e-05
4.346101196e-05
4.292000085e-05
4.297099076e-05
4.374000127e-05
4.331101081e-05
4.339098814e-05
4.280000576e-05
4.316100967e-05
4.302000161e-05
4.297000123e-05
4.349101800e-05
4.323100438e-05
4.317998537e-05
4.365001223e-05
4.292000085e-05

[papi_cycles]
4311284893
4311111000
4310954626
4311234013
4311041945
4310923238
4311030215
4310989827
4311127950
4311089745
4311137386
4311142957
4310977392
4311089341
4311122507
4311134933
4310993833
4311107599
4310822383
4310960886
4311067307
4311037064
4311014201
4311114630
4310997671
4311009619
4311009409
4311068988
4311076245
4311186047
4311126763
4310971303
4310919538
4310917975
4310948272
4310988588
4310925771
4311073826
4311052781
4311208153
4311081975
4311140640
4311096921
4310967633
4310943417
4311036877
4311078781
4311087347
4310948740
4311146253

[papi_instructions]
8125089768
8125088842
8125088838
8125088840
8125088838
8125088839
8125088838
8125088838
8125088839
8125088839
8125088842
8125088838
8125088838
8125088840
8125088838
8125088840
8125088838
8125088841
8125088838
8125088841
8125088838
8125088839
8125088838
8125088838
8125088838
8125088839
8125088838
8125088840
8125088840
8125088839
8125088838
8125088838
8125088838
8125088839
8125088838
8125088838
8125088841
8125088838
8125088838
8125088839
8125088839
8125088838
8125088839
8125088838
8125088839
8125088840
8125088838
8125088839
8125088839
8125088838

[papi_l1_dcm]
117385482
117379265
117380958
117380994
117379032
117379612
117379619
117378081
117378803
117379618
117378808
117379834
117379778
117379278
117379199
117379690
117378545
117379387
117379760
117379804
117378318
117378888
117378871
117379741
117379287
117380706
117380901
117379376
117380654
117379518
117379014
117380187
117379606
117380738
117382524
117379571
117379226
117379870
117379835
117379547
117378042
117380064
117379452
117380258
117378860
117379812
117379757
117380635
117378474
117380296

[papi_l2_dcm]
1762043
1779906
1770391
1769747
1767044
1769845
1767241
1768236
1772788
1775482
1766742
1765839
1768132
1766578
1766287
1775643
1765903
1766624
1762116
1773809
1758860
1759624
1771318
1766507
1772415
1760229
1769479
1767656
1775423
1760799
1760713
1758912
1767427
1762251
1770588
1767156
1773855
1771678
1763988
1768553
1768242
1762958
1759691
1766973
1766231
1767150
1771335
1771552
1760543
1767372

