[config]
variant=rsqrt
n_particles=50000
n_steps=50
dt=1.000000000e-04
eps=5.000000000e-02
G=1.000000000e+00
mass=1.000000000e+00
max_relative_energy_drift=0.000000000e+00
energy_tolerance=1.000000000e-03

[one-time]
reading_time=1.523776999e-03
writing_time=0.000000000e+00
initial_energy_time=4.029873334e+00
total_run_time=5.846930999e+01

[total_step]
1.008636998e+00
1.007892831e+00
1.008320865e+00
1.007847360e+00
1.007943081e+00
1.007950990e+00
1.007961332e+00
1.007966261e+00
1.007869861e+00
1.007931070e+00
1.007848820e+00
1.007951531e+00
1.007819080e+00
1.007845910e+00
1.007858591e+00
1.007847230e+00
1.007761829e+00
1.007880511e+00
1.007728848e+00
1.007903511e+00
1.007843600e+00
1.007973812e+00
1.007783249e+00
1.007895911e+00
1.007834640e+00
1.008505777e+00
1.007774479e+00
1.007964221e+00
1.007789900e+00
1.007849450e+00
1.007873640e+00
1.007800310e+00
1.007738019e+00
1.007835650e+00
1.007899431e+00
1.007878510e+00
1.007864561e+00
1.007794390e+00
1.007835150e+00
1.007790440e+00
1.007860730e+00
1.007852000e+00
1.007806420e+00
1.007810380e+00
1.007826980e+00
1.007789119e+00
1.007817970e+00
1.007806850e+00
1.007823790e+00
1.007952151e+00

[first_drift]
6.951999967e-05
4.328999785e-05
4.369998351e-05
4.779099254e-05
4.342099419e-05
4.347102367e-05
4.324098700e-05
4.348999937e-05
4.362102482e-05
4.310000804e-05
4.335000995e-05
4.354998237e-05
4.358100705e-05
4.372000694e-05
4.321098095e-05
4.397999146e-05
4.328999785e-05
4.360999446e-05
4.360999446e-05
4.877100582e-05
4.365001223e-05
4.363100743e-05
4.372000694e-05
4.356101272e-05
4.367099609e-05
4.362099571e-05
4.364099004e-05
4.329098738e-05
4.361101310e-05
4.367998918e-05
4.389000242e-05
5.366100231e-05
4.335099948e-05
4.367000656e-05
4.350100062e-05
4.332000390e-05
4.363100743e-05
4.805001663e-05
4.365100176e-05
4.343100591e-05
4.347998765e-05
4.311100929e-05
4.317102139e-05
4.317102139e-05
4.389000242e-05
4.328999785e-05
4.354101839e-05
4.349101800e-05
4.871000419e-05
4.302000161e-05

[force]
1.008459417e+00
1.007741050e+00
1.008165854e+00
1.007690278e+00
1.007790319e+00
1.007798829e+00
1.007809070e+00
1.007813850e+00
1.007716369e+00
1.007777729e+00
1.007696319e+00
1.007797480e+00
1.007659228e+00
1.007691599e+00
1.007707528e+00
1.007693939e+00
1.007609918e+00
1.007727959e+00
1.007576317e+00
1.007745819e+00
1.007689769e+00
1.007819990e+00
1.007630828e+00
1.007742779e+00
1.007681018e+00
1.008353225e+00
1.007620917e+00
1.007811450e+00
1.007636977e+00
1.007691959e+00
1.007720759e+00
1.007637068e+00
1.007585387e+00
1.007683769e+00
1.007747179e+00
1.007726009e+00
1.007711458e+00
1.007638398e+00
1.007683528e+00
1.007637288e+00
1.007707789e+00
1.007700688e+00
1.007653848e+00
1.007658998e+00
1.007674349e+00
1.007636858e+00
1.007665608e+00
1.007653258e+00
1.007666789e+00
1.007798150e+00

[kick]
6.510000094e-05
6.501999451e-05
6.787999882e-05
6.614101585e-05
6.567098899e-05
6.545099313e-05
6.565000513e-05
6.541097537e-05
6.646997645e-05
6.668001879e-05
6.608999684e-05
6.674099131e-05
7.325102342e-05
6.717100041e-05
6.451099762e-05
6.565000513e-05
6.537101581e-05
6.530099199e-05
6.557098823e-05
6.588100223e-05
6.645100075e-05
6.633001612e-05
6.546100485e-05
6.588001270e-05
6.635099999e-05
6.581100752e-05
6.631098222e-05
6.579101318e-05
6.613097503e-05
7.062000805e-05
6.586100790e-05
6.615999155e-05
6.558999303e-05
6.496999413e-05
6.568999379e-05
6.614101585e-05
6.616098108e-05
6.464100443e-05
6.471099914e-05
6.638001651e-05
6.622998626e-05
6.530102110e-05
6.634101737e-05
6.505000056e-05
6.528999074e-05
6.588100223e-05
6.548000965e-05
6.680001388e-05
6.515000132e-05
6.713098264e-05

[second_drift]
4.291100777e-05
4.342099419e-05
4.338100553e-05
4.310000804e-05
4.346101196e-05
4.317000275e-05
4.332099343e-05
4.341002204e-05
4.330099910e-05
4.351098323e-05
4.301100853e-05
4.363001790e-05
4.297000123e-05
4.330999218e-05
4.328100476e-05
4.359098966e-05
4.318999709e-05
4.359098966e-05
4.330000957e-05
4.297000123e-05
4.367998918e-05
4.381098552e-05
4.313999671e-05
4.364099004e-05
4.353999975e-05
4.307000199e-05
4.350100062e-05
4.359000013e-05
4.299101420e-05
4.315099795e-05
4.305999028e-05
4.331101081e-05
4.355100100e-05
4.318100400e-05
4.300102592e-05
4.297998385e-05
4.318999709e-05
4.323001485e-05
4.320999142e-05
4.329098738e-05
4.318100400e-05
4.285000614e-05
4.300998989e-05
4.311100929e-05
4.340099986e-05
4.302000161e-05
4.328100476e-05
4.325099871e-05
4.309101496e-05
4.380001337e-05

[papi_cycles]
4310902735
4310600964
4310567340
4310513149
4310516961
4310641812
4310725534
4310652837
4310618308
4310627563
4310604486
4310663154
4310527285
4310587441
4310627121
4310677316
4310625927
4310608861
4310616717
4310666653
4310728103
4310725115
4310640032
4310616456
4310606685
4310609996
4310485560
4310661648
4310578899
4310626400
4310608961
4310590349
4310494738
4310634390
4310661633
4310642809
4310564586
4310668114
4310625030
4310615288
4310540362
4310695300
4310571731
4310555371
4310643336
4310623420
4310506120
4310550790
4310630601
4310646900

[papi_instructions]
8125089766
8125088838
8125088840
8125088838
8125088838
8125088802
8125088840
8125088803
8125088838
8125088838
8125088838
8125088839
8125088837
8125088801
8125088840
8125088840
8125088838
8125088839
8125088837
8125088802
8125088838
8125088838
8125088838
8125088805
8125088837
8125088801
8125088837
8125088842
8125088838
8125088801
8125088837
8125088802
8125088840
8125088838
8125088802
8125088839
8125088801
8125088837
8125088802
8125088839
8125088801
8125088840
8125088837
8125088839
8125088802
8125088838
8125088803
8125088838
8125088801
8125088839

[papi_l1_dcm]
117399921
117409154
117409349
117408580
117409998
117411216
117409333
117409115
117410072
117409318
117410372
117410321
117410261
117409103
117409543
117408424
117408717
117411481
117409953
117408224
117407871
117409455
117409277
117408888
117409688
117410048
117409332
117408438
117409676
117409861
117409454
117410370
117410392
117409164
117411661
117408590
117411185
117409452
117411366
117409521
117409964
117409216
117409327
117409172
117409194
117410126
117410197
117408940
117410631
117409337

[papi_l2_dcm]
1837654
1847681
1860440
1861366
1864028
1852540
1853378
1853909
1850144
1850898
1855702
1858902
1855266
1848406
1857658
1853868
1860411
1858094
1853721
1856131
1842441
1851998
1848960
1855055
1837744
1855388
1853613
1838570
1851432
1860653
1855988
1857799
1858714
1838435
1848388
1853095
1859325
1851678
1853479
1854970
1860799
1857274
1853565
1852209
1849204
1849247
1864740
1862136
1859362
1853004

