[config]
variant=rsqrt
n_particles=50000
n_steps=50
dt=1.000000000e-04
eps=5.000000000e-02
G=1.000000000e+00
mass=1.000000000e+00
max_relative_energy_drift=3.078036939e-05
energy_tolerance=1.000000000e-03

[one-time]
reading_time=2.321528998e-03
writing_time=0.000000000e+00
initial_energy_time=4.067171466e+00
total_run_time=9.874435027e+01

[total_step]
1.813555548e+00
1.812567235e+00
1.821066973e+00
1.811818776e+00
1.812336003e+00
1.811819896e+00
1.812112360e+00
1.811822186e+00
1.811398751e+00
1.812443584e+00
1.811086287e+00
1.810533830e+00
1.811746476e+00
1.811852136e+00
1.810818394e+00
1.810609731e+00
1.810750483e+00
1.812513705e+00
1.811156318e+00
1.821466267e+00
1.811653324e+00
1.811622794e+00
1.811971698e+00
1.811775036e+00
1.810519530e+00
1.810862984e+00
1.810656942e+00
1.811975788e+00
1.810459109e+00
1.811656394e+00
1.810688901e+00
1.811021446e+00
1.810359038e+00
1.810449769e+00
1.812289952e+00
1.811069737e+00
1.833700951e+00
1.811273490e+00
1.810632031e+00
1.810849264e+00
1.811749075e+00
1.810540881e+00
1.810497409e+00
1.814667262e+00
1.812259862e+00
1.810568631e+00
1.811358460e+00
1.810970816e+00
1.811116487e+00
1.811707575e+00

[first_drift]
6.263999967e-05
4.391999755e-05
4.426099986e-05
4.371000250e-05
4.394999996e-05
4.409000030e-05
4.411100235e-05
4.377000005e-05
4.392099800e-05
4.374100172e-05
4.382100087e-05
4.387100125e-05
4.374099808e-05
4.383000123e-05
4.371099931e-05
4.341000022e-05
4.374100172e-05
4.376000288e-05
4.373999764e-05
4.371000250e-05
4.369099770e-05
4.381100007e-05
4.375000208e-05
4.371100295e-05
4.383999840e-05
4.371999967e-05
4.366100256e-05
4.397000157e-05
4.384999920e-05
4.380099926e-05
4.380100290e-05
4.407100278e-05
4.386100045e-05
4.773100227e-05
4.395100041e-05
4.400099715e-05
4.370099850e-05
4.355099736e-05
4.368000009e-05
4.313099998e-05
4.334099867e-05
4.771100066e-05
4.382000043e-05
4.361099855e-05
4.377100049e-05
4.826000077e-05
4.370999886e-05
4.369000089e-05
4.382000043e-05
4.840099791e-05

[force]
1.813385586e+00
1.812417354e+00
1.820916850e+00
1.811669825e+00
1.812187341e+00
1.811669285e+00
1.811961977e+00
1.811672305e+00
1.811248859e+00
1.812293842e+00
1.810936815e+00
1.810383458e+00
1.811596843e+00
1.811701545e+00
1.810667251e+00
1.810458810e+00
1.810600590e+00
1.812363683e+00
1.811007397e+00
1.821315446e+00
1.811504812e+00
1.811467071e+00
1.811816947e+00
1.811625634e+00
1.810369668e+00
1.810713263e+00
1.810506679e+00
1.811823816e+00
1.810310118e+00
1.811507532e+00
1.810538909e+00
1.810870894e+00
1.810208816e+00
1.810297487e+00
1.812139490e+00
1.810921345e+00
1.833549449e+00
1.811124207e+00
1.810482220e+00
1.810699792e+00
1.811599953e+00
1.810387658e+00
1.810344528e+00
1.814517210e+00
1.812107620e+00
1.810412229e+00
1.811207749e+00
1.810818734e+00
1.810967916e+00
1.811551092e+00

[kick]
6.331099939e-05
6.198999836e-05
6.235099863e-05
6.172999929e-05
6.119099999e-05
6.245999975e-05
6.260100054e-05
6.181999925e-05
6.197100083e-05
6.221999865e-05
6.148100147e-05
6.292100079e-05
6.198100164e-05
6.249099897e-05
6.326099901e-05
6.296100037e-05
6.216099791e-05
6.173099973e-05
6.145999942e-05
6.354099969e-05
6.093100092e-05
6.268100333e-05
6.281999958e-05
6.204999954e-05
6.182099969e-05
6.194100206e-05
6.228100028e-05
6.347100134e-05
6.115999713e-05
6.142100028e-05
6.274000043e-05
6.209099956e-05
6.226000187e-05
6.092100011e-05
6.306100113e-05
6.076100181e-05
6.361099804e-05
6.233100066e-05
6.238000060e-05
6.281999958e-05
6.184100130e-05
6.168099935e-05
6.149099863e-05
6.318099986e-05
6.399999984e-05
6.389099872e-05
6.337000013e-05
6.494099944e-05
6.091999967e-05
6.391100032e-05

[second_drift]
4.396000077e-05
4.392100163e-05
4.345100024e-05
4.346100104e-05
4.347099821e-05
4.401100159e-05
4.362099935e-05
4.424100189e-05
4.383999840e-05
4.369100134e-05
4.411999907e-05
4.352000178e-05
4.386100045e-05
4.421999984e-05
4.413100032e-05
4.441999772e-05
4.394099960e-05
4.437100142e-05
4.367099973e-05
4.351999814e-05
4.383999840e-05
4.913099838e-05
4.805099888e-05
4.359100058e-05
4.415100193e-05
4.400000034e-05
4.427100066e-05
4.448099935e-05
4.389100286e-05
4.359000013e-05
4.340099986e-05
4.429000182e-05
4.405100117e-05
4.353999975e-05
4.339999941e-05
4.357999933e-05
4.415000149e-05
4.335099948e-05
4.365099812e-05
4.347099821e-05
4.384000204e-05
4.378100130e-05
4.751099914e-05
4.321000233e-05
4.438100223e-05
4.414100113e-05
4.358099977e-05
4.340099986e-05
4.378100130e-05
4.412099952e-05

[papi_cycles]
7751805406
7754739098
7751846821
7751490220
7755610233
7751500552
7750955244
7756291404
7754582763
7751157533
7751073601
7750952572
7750967983
7756505272
7751595395
7750965666
7752255051
7754237579
7753548974
7755054269
7751048629
7751226417
7756903925
7751335307
7751061459
7752909405
7751471309
7754296928
7751256925
7751283261
7751230700
7753156264
7751178211
7751253251
7753933176
7754372370
7751442848
7753503747
7751314106
7751321666
7750894527
7750985289
7750829251
7756237418
7753902334
7751269062
7751110114
7753304772
7753261537
7756815295

[papi_instructions]
20627453078
20627452152
20627452236
20627452151
20627452150
20627452148
20627452150
20627452152
20627452151
20627452151
20627452148
20627452148
20627452152
20627452150
20627452150
20627452150
20627452147
20627451998
20627452149
20627452185
20627452150
20627452150
20627452151
20627452149
20627452149
20627452150
20627452146
20627452153
20627452150
20627452149
20627452150
20627452151
20627452147
20627452148
20627452150
20627452149
20627452486
20627452148
20627452149
20627452152
20627452148
20627452151
20627452146
20627452152
20627452150
20627452149
20627452150
20627452149
20627452148
20627452149

[papi_l1_dcm]
938767193
938928474
938931399
938930694
938932776
938929372
938938615
938933183
938929989
938926131
938933953
938931755
938937537
938931527
938934943
938931080
938931128
938932583
938929751
938941990
938928383
938934284
938933377
938937154
938926365
938933283
938931828
938932966
938930210
938930724
938928675
938927702
938932547
938928610
938931257
938933965
938933015
938926889
938934165
938929992
938932065
938932546
938935359
938926664
938928704
938937382
938924185
938930994
938926541
938925646

[papi_l2_dcm]
17751392
17826407
17818920
17808489
17853326
17797944
17823194
17839830
17879059
17795085
17808343
17801840
17776567
17851279
17806035
17783514
17807918
17827088
17816297
17891829
17774509
17797499
17848107
17805198
17916295
17908498
17817101
17811192
17816086
17790050
17818807
17801522
17798782
17808116
17827820
17832088
17828861
17820770
17800378
17804239
17791638
17803897
17791241
17832640
17806434
17765508
17782136
17816102
17821704
17830210

